1094152 
16121266
16752404
1094492
5935985
16754888
3617947
23667776
9243722
28111175
33193141
2834619
3407963
5173503
2929034
2834699
9566424
2554933
6276556
6121126
22034239
6121140
8892668
6121137
21357043
21357059
21357067
21357079
21357091
21357516
21357532
21357557
21359138
21357563
28089438
1686652
26997421
27297976
3612971
22033773
28111169
4940168
1604201
19559740
3626170
22033609
6121126
2834741
2834743
31959569
3407963
2834743
3477620
12695624
19559645
2841299
2834747
2834750
20513418
9941861
20513413
9867346
9867360
9867384
9867409
9867418
30769972
2834741
12695640
33590270
31697270
25569511
22034198
29577209
21357604
21357643
21357659
21357667
21357746
21357791
21358009
21358028
21358039
21358066
19559740
31959569
19559645
20628347
31054134
26978710
33011422
31893226
27514213
27482732
28887800
26997587
32373980
32051509
22033794
26997587
33627109
32997138
32997225
33313497
32997137
22033794
23780358
30735001
6276556
2834743
2834750
22033773
33590270
22034198
33626993
22034191
32306639
24379449
22034187
22034181
22034239
16736862
14468314
14467297
14466146
13946334
9870966
8356597
8356587
7357802
7357823
20570899
20569591
2834743
16811833
8165946
7275163
7275152
7275140
7275128
7275010
7274996
8179190
2834747
22128351
33626993
21358074
21358096
21358141
21358181
21358209
21358241
21358313
21358320
21358334
21358343
32997229
33004492
32997268
32997078
32997169
33599641
22033794
22033794
26997587
33627109
32997138
32997225
33313497
32997137
20513418
9941861
20513413
9867346
9867360
9867384
9867409
9867418
30769972
2834741
22034171
32592284
16736862
14468314
14467297
14466146
13946334
9870966
8356597
8356587
7357802
7357823
7357833
7357840
8353751
16736195
20570899
20569591
16811833
8165946
7275163
7275152
7275140
7275128
7275010
7274996
8179190
22128397
21358349
21358429
21358440
21358725
21358738
21358744
21358806
21358849
21358866
19026918
32997229
33004492
32997268
32997078
32997169
33599641
2834747
16736862
14468314
14467297
14466146
13946334
9870966
8356597
8356587
7357802
7357823
7357833
7357840
8353751
16736195
20570899
20569591
22034191
32997229
33004492
32997268
32997078
32997169
33599641
32306639
24748325
24379449
31494488
22128391
13717806
22034187
25159553
22128400
22034181
21358924
21358944
21358953
21358981
21359093
24362545
21359099
30842599
21359160
21359170
16811833
8165946
7275163
7275152
7275140
7275128
7275010
7274996
8179190
7357833
7357840
8353751
16736195
20570899
20569591
25312636
22034171
32592284
25245025
21359190