1283
45806
352543
257457
45808
352729
45807
729788
46280
35159881
45804
618055
618056
532043
618057
618058
618077
618078
618080
618183
618081
617
46914
47195
47420
1534
47541
_he_also_has_a_very_sexy_voice.
47308
257520
652409
257595
257604
257613
34928103
345430
18234424
23865159
215025
652364
35160125
80577
45805
840871
78397061
678628
652406
50521020
618083
532246
618086
618087
618090
618093
388002
618098
618101
618104
469944
47330
652353
46374
47502
47549
753890
47359
47456
475507
209417
47468
575598
557
575599
47303
47304
47305
47306
47307
63208315
257610
358109
17924987
33754799
81116348
27373573
26877311
42726149
18238388
43254164
84722433
66229439
652369
100965388
100966232
105064870
743276
62841939
598709
580116
618107
618112
618115
618117
618118
618119
618122
618123
618124
578108
578044
652404
14650152
782250
652403
652402
351374
46362
46363
46364
46365
46366
46367
46368
46369
46370
357060
47460
47461
47462
47463
47464
47465
47466
47467
100966231
101092719
100966842
100964783
100965568
368343
377090
618133
618135
618147
618151
618152
618155
618158
618159
504396
652401
95168784
46371
46372
46373
351320
618722
19240958
657006
40022
349728
657007
618160
618165
618166
618167
618172
781145
618174
64140761
618185
618187
840907
836507
618190
351320
