911501
1530634
524210
20600557
663197
2493277
559443
7772286
12789670
14934182
17991468
21980031
1373104
564109
575559
9244113
980504
5100412
971563
1066136
1063096
2076664
3584712
13137703
7674034
14995541
14498389
14556108
22226454
205966
1147893
5168368
10935351
5508778
3645160
737318
1742002
4906676
2658487
3137118
3956913
5791600
6819581
9837200
33182585
28664426
11107593
13218927
14094617
23047687
492026
524997
978583
5990384
657254
6574180
155044
1005079
5710446
11265448
1037496
3470483
4455927
2171386
679967
2542957
2600885
429864
5350984
3040579
5172647
10666300
5439745
5553197
6750254
7075893
9930882
10269605
10425773
1231171
10890702
2008348
5788802
14547663
332134
30168946
7520581
1685029
20500074
31918026
1214949
22138397
24024541
2056377
1150696
292193
1197883
667049
794688
1230761
1211928
3723757
178250
1354864
1768172
1386149
1392271
196933
1434516
568965
1501206
176998
1553427
8317661
1577977
10414038
2351306
3293180
1768126
726651
7337511
154144
1780545
3320766
1916650
5657381
465642
2079516
2079741
625961
1163502
4337837
291795
1044425
2446713
1847160
2957793
2976373
27323046
5627455
4681681
5278029
7420748
916301
6028109
600390
20283683
9042885
3876236
5848817
6872533
8004518
8622066
9192793
9443739
9411301
7783859
11194047
11375928
11651662
3725528
13852779
8474614
3986671
8089219
656591
1380095
22784429
29693054
7012062
2181177
12476274
2306449
918090
2336733
2411556
1389062
8466585
2516046
6434672
2602132
1345431
3679359
1404540
2753478
2793312
2905895
10798245
560759
3013781
5473350
3021403
1141049
884153
3201361
3308699
3494202
2410224
3571322
965919
2911754
31396316
3852469
3350193
2308152
3151587
7560836
704723
4196587
144833
12728106
5745770
6004443
6402264
2123473
1505675
99858
1008352
632193
4648938
8146815
8423690
763996
3879604
6964185
385324
3940847
9850531
1348391
8132266
10966084
8686878
11361063
11338194
11458555
8545609
11544863
460464
14665767
8530286
15007934
15115887
3645445
1947088
1822626
8460460
29524619
346303
7158247
18442882
275498
2245304
2627146
6921908
7447956
5438097
11256000
2097788
4218119
2176310
383864
2324520
1577684
4633119
4714602
585086
1539454
1392337
4872915
230664
4912478
6755699
4934219
3406686
5019643
5606675
440818
7339445
6201170
80903
1253945
2147091
383988
414196
5605265
5704942
56987
4969
5931991
5949331
218585
5977010
5901689
6069799
221478
6073727
6099331
2162077
6232330
8414079
707930
6264304
1471350
6300146
1560333
571772
6398138
556374
1725609
88293
3230519
1529604
6560946
6443033
2502172
3312997
2145238
2330224
952109
6943027
5867316
1675666
2344165
1195949
766070
16890876
13207887
6164037
6005569
59216
7454453
7346672
3261430
7851027
6921181
9625830
11136193
9123541
11265403
13761181
14231658
7522645
14322368
14590835
15009022
4960895
8890606
506300
2249180
2311980
2351494
7783782
2383637
93785
624363
20096417
17848718
20272453
2415142
1497242
20644894
1420556
20992304
32109579
657977
22634986
11262967
22897754
22908195
22937987
459575
23606538
1629501
23984137
24556260
9520933
7764399
10953971
499380
691099
4399857
1277712
8145157
9586681
8462506
2128030
1457870
884488
8719602
259159
1629103
8830123
8845975
327880
620815
9010646
7343735
102980
9432671
9518936
9569976
9056283
619437
921986
25764054
9724941
9725034
9753078
1262163
9775924
26728197
2181741
18984642
1978622
173519
2143346
113159
9980076
1128955
4598391
1799052
2063909
777165
7683959
85226
10401946
9933694
10435909
724936
10680207
4288572
8730060
10893007
544737
10935465
1017034
10952367
9579274
30785064
8476190
9594362
11154726
11184205
11184273
11196004
11262746
8185188
11322151
10619314
11339077
11395010
11449152
11506553
11520722
225543
742581
326309
118405
11738403
11756180
11508307
1828686
6231526
90698
12121028
12149699
522320
217761
1629094
217201
1866112
11426284
319325
2175472
462624
12755379
5580848
1689420
7447706
13498620
12948738
1297259
13058608
11522165
13051682
13392739
556342
674930
14125837
2196989
1265591
7674970
2162199
16580461
4108173
1748624
17571581
17742854
1369938
842172
2356117
8000764
53327
18834635
1611839
21465621
5544947
22161381
22188615
22225765
3456755
7402885
2727449
6726595
739707
23909154
14818683
13252402
933669
13282904
13486754
11193825
4135503
350807
1462780
2758009
13925725
9407639
186782
2499693
14015689
14037322
70315
7868099
569003
981787
2577779
751037
6820862
14681478
12095993
1128323
1226823
14150378
14743854
4169564
14760381
1025220
1228500
14904555
3648917
3215913
9462272
490678
18591403
2162047
20566
1799053
16677690
9249109
15463830
965956
9340938
603630
15516230
1670446
17510555
15680385
15691211
15796054
15795537
19817651
17093303
16095398
15976019
16931878
16269530
16035235
9064996
9619211
16578927
5718831
27081427
1013175
10813377
16704095
3222391
6924576
921384
165527
1198142
175020
17109838
7016697
17224059
17373320
6014663
199714
199832
17431497
3574098
477971
3041225
16800234
1316130
6382986
1050853
654734
2217692
11133364
17963332
5953432
423381
19579844
8980506
1097324
21963617
1344993
691114
22630631
22883757
23120889
883948
3476963
707057
24020269
203321
242839
18251086
2039940
921345
3880646
695909
696094
696141
18887394
649484
350673
17256
163032
6306287
12598181
695929
3648904
11193589
19537063
317856
166103
2704571
412879
1205991
18508527
12283480
9097368
14220930
20606072
6660017
208546
2405174
39096
20788824
703990
5224269
8234036
20950698
1808158
657419
4870
559311
626133
10332471
606005
7479926
9979482
728775
15482022
4380101
21862225
3848697
21941403
3641275
2113897
22143485
22144117
22149662
22267023
22339811
22340290
487473
100394
84934
28788274
20904907
22622058
22630411
11321282
22739924
22780339
181998
1561086
22884259
922528
761271
21641647
9174419
8286385
23453444
23579240
599212
12818150
202682
8925130
467401
1574712
1833678
22133230
17042232
8626502
177745
868762
24021616
24120063
590444
12243752
24190589
1270341
788959
24438129
24570084
1415103
22560745
1231981
25477972
6694967
6598931
25306729
6477600
6456893
25279742
25253261
25234724
25197810
25135277
25127440
6165964
25115631
24981428
24943252
5917141
24874660
5839997
5781124
5718800
5698001
5668488
5429118
23985990
5331089
23949715
5309655
5209782
5171866
23513148
4824127
4634230
4557921
4530088
4340447
4076380
3956949
22167996
3789255
21107384
3611154
20463747
20196324
3486346
3160609
3139649
3136933
3065743
17760525
2910620
2936206
2891097
2755844
2265670
2197666
1907410
15222047
1776373
1685347
14786181
1253459
1217996
1146795
905174
24157528
23055777
20800814
20764253
10377489
10301067
9471397
18535074
8298012
8045497
8008748
15854330
6920823
6403734
14233351
12315593
927192
11877536
699947
9412910
8146488
7800800
5816377
6819986
31027014
4937227
28261613
27692201
2911232
26300893
24028687
24020435
17389705
15832855
14124565
8731500
5972727
1578500
1107510
1495782
1533492
1712338
2048467
2572671
5501965
9408572
10172021
23057456
23954574
2255489
964826
970903
1030414
1355024
1526958
1561269
1639868
1740913
1823364
1226954
1924484
2247305
3080988
1817766
834964
846184
1878026
8010919
1202691
225561
1496880
1292614
3632577
1212502
1078147
13509488
2022024
2161984
2257592
2280541
2351271
2356883
2450021
2872387
3252876
3705404
3734078
3946420
4035887
4095905
4096014
4239468
4453162
5048065
5096022
5527283
5595625
5687659
5690144
6595662
7124101
7229230
7389768
7556709
7619635
7753472
7784072
8063235
8073560
8096880
8122992
8220213
8278314
8321699
8379386
8444617
8458599
8540421
8550746
8614690
8775715
8817199
8827606
8945570
1242576
6769459
1023797
9352463
9367809
9517867
9642087
9672652
9942362
9985092
10070358
10201780
10204891
10416459
10918765
11032771
11193695
11316484
11319306
11331244
11381468
11882012
11893655
12006278
12086282
12586193
12776169
12915321
13445174
13591082
14276640
14474969
15035332
17999331
18203271
18438164
18632830
18708454
18748972
1263142
19030803
19422725
19445196
20448166
20536307
20807089
20813515
21038010
21195263
21623179
21627207
21655861
21924122
21978635
22178182
22740345
22755481
23091477
23487494
23492442
23944336
24011970
24051800
24545799
24552381
24554263
24567922
25550070
25805990
25986201
26133334
26280807
26280898
26396653
26452320
26550998
26580885
26592733
26779046
26798140
27178999
27195819
27312625
27367479
27691920
27746324
27833706
27979677
27981607
28054377
28122124
28208460
28596786
29028401
29069491
29084932
29279914
29389484
29641258
29692289
29931215
30001401
30090391
30126397
30153135
30184711
30190953
30491690
30503422
2218071
31045289
31129868
31565819
31581692
31838568
32106240
32244161
32434834
32472668
32535545
32632952
32704622
32704903
32925275
33070174
33073862
2003787
1812371
7783545
1270302
3207058
1298267
158109
160760
3101067
187109
204431
1030991
261405
1224520
2196702
1115791
6828043
19373302
7686164
462384
542987
21501511
684769
726230
1178552
858382
432147
54174
55608
657587
161230
520931
1921482
526538
1086198
1610383
485032
492462
950487
183504
598493
193611
213100
685908
350801
20999991
293359
901511
308934
1020746
364082
368130
271874
7183
44205
467400
48071
488957
16480
512006
1296564
584551
63390
838629
44459
72336
147368
186089
295976
155723
10753967
2323146
3385425
4578235
5174827
5578481
7433878
10653164
9517139
13480477
10486714
5760050
8578789
2621008
1765497
8372278
8678757
9762191
25115589
853080
3155173
12810177
16800598
9679949
9248358
2084445
1466722
1713527
2975403
3673883
32942002
5188640
5514506
7613189
29007944
11426523
1886758
19566494
16510370
2386427
3333887
3375138
3631803
3632514
30932224
1856518
7267169
10264263
11917095
12415238
13595277
14145911
15277643
4663936
4518139
5304994
5795795
6310071
5614371
6390804
7256000
7466904
7646712
7694319
9761995
10091118
1717682
5710265
14124002
22725273
5826900
25296371
8082452
8287626
8393028
9135927
9293433
9799657
2709932
10267985
10370223
10833240
3404736
11447600
11701295
5952750
4058869
5186211
12165960
12177454
12177585
7189580
10006501
15202173
5107473
2624860
21034268
24807152
13299311
14627649
14893424
14673336
15342593
16921619
911328
26160648
17970650
5405102
23080864
2500536
4751428
3193135
19383634
2920440
20812028
9129652
14198899
7706522
4956009
21752927
16733911
17030311
32335805
23122782
23403954
23657988
23670291
25399714
6486855
25295293
25296032
25294935
25291976
25291746
25291478
25276608
6044223
6048021
24849313
5454835
23938142
23809152
4931742
4675048
4193358
3969431
3951859
20029960
2165784
15225203
13655155
9470836
8523872
15960326
7217129
12720331
9446521
4459793
4380537
4132344
2585360
10686855
9475878
7061296
7173620
7296510
7444559
7679201
8534474
8552872
9074945
9555891
10290155
10426158
10992819
11319918
11383185
12433623
12444838
12894271
13628277
18577674
22156642
25693758
26194767
26231406
26656742
26905551
27197944
27911567
28107343
29215867
31543052
32694789
9042866
5761026
13920077
5247266
9041254
8809551
9759329
10455204
4118878
2966894
4994104
2165518
2842909
6359154
12176241
1526160
2545589
2756344
3649108
3736699
5877866
6741146
10409964
2330252
1511492
1344900
1545525
1723429
4985592
3105469
12100217
9323605
9761814
12362603
4266556
2344136
2345819
1739184
3041717
4311285
2075721
3651670
3738029
5375027
5835446
5967255
7527025
8710626
11062654
5860111
11361840
8061720
11496394
11578634
13258445
9593488
2009490
4266787
4406895
2323062
472434
4682260
8523644
4839720
5048325
5158248
3190849
5494190
2762255
2819397
5655689
5657113
5689866
5856751
6079325
6113975
6480695
12088183
6775103
7282406
7607153
8955636
1859900
11207684
13748588
16092337
16288115
6165332
14941060
7032745
8057863
8228861
8524343
8956703
5058678
9316719
9406115
9555764
2017514
9738093
9878826
2365855
10370190
10683948
11013617
3600569
10609034
6856612
13066040
17063728
3723961
1493870
7601173
3694547
6070528
6731174
13036366
3155757
13984324
6903619
14781443
10599878
14892405
14908846
17378235
682265
4481167
17096179
16983410
16045167
15726039
17032054
24467169
8312950
17484203
2409115
17964818
982316
556588
14461072
15305444
3084279
8011083
24074836
13493946
9313763
4018785
2601762
923680
1737855
2137943
14017392
6644623
6540717
25299805
6298719
6048045
6038830
25035219
4794398
4542338
4321906
3909285
3816770
3797460
3496479
3421947
3333479
3262070
3242614
3129593
3068227
2717651
2681124
2643864
2614824
2441998
2308054
2291828
16197448
1849081
14911963
1402785
12771491
12599649
11414681
11261933
9383558
15825869
14936904
13932081
12784203
11222545
11050578
6306046
4458727
4380173
3613792
25332195
2676053
3397068
3662317
5291209
5675801
6229684
7441242
7539032
7609130
8121206
8428805
10622635
11187506
11588041
11612739
11644475
11827142
12746454
13817793
14507327
14555875
15032270
21248336
22847738
26386365
27235100
27757909
30196823
2156897
4016644
740639
4077986
2881557
16154829
1724357
1731768
3251253
2930946
9220955
6277011
10231358
12302675
32599356
2599451
3036018
3946524
6359627
12773196
2702913
10408143
4546076
14943046
15084851
15490582
6831454
1354824
5753557
6827896
7060755
3433404
7661354
9637960
7656956
3448620
868867
864281
6333422
25160757
10950549
4638254
12259031
935066
3244295
14429067
2553788
13234650
1512307
6183995
14894580
9974776
5815788
9924575
2428007
16063834
2612871
1174743
4567880
20514807
1556256
1253989
1516282
5831501
23289911
4421940
8416992
6809322
25256348
5038388
4899290
4422489
4369873
3808624
3469704
3376072
17555173
1713033
1672154
1553342
1502866
1273141
11312246
11087472
9233716
8518737
3035877
2628130
6312473
7300193
7409363
9198187
11866609
12727755
23770867
25999801
27755905
32337495
32765935
