176566
32032988
887038
1764827
149184
1112987
567493
2668736
2439429
21345150
1300810
472278
1452698
8249186
698714
4006905
10810271
16884570
2976914
6028442
3239869
3245632
3488569
30874157
347493
15110302
3008376
4709426
238118
6091841
387644
1980219
13964757
1788888
3634201
62168
6258782
2564170
9579214
62149
10934241
4457826
15076873
697505
395677
1720048
345442
353579
16014187
4194363
12423973
20537095
26327926
23404379
5349914
23699747
23351095
1202680
1202481
2517657
1510490
1072540
30845
20111193
6692126
6692592
12689694
25971287
26618931
27703328
27901836
32082474
32187580
8981774
533482
1844187
33331459
12536524
12536459
6126249
12421998
3741471
13536553
4004191
273293
1703191
17173811
22599509
5442908
15081298
1358369
30341289
32532555
2052211
160221
4111058
21270966
614586
20439501
4420174
1169777
29878772
16955233
24024887
466429
3202372
3897344
13707338
5230098
2511128
17395
142212
23510441
26714823
8378031
10026948
12246960
32819300
12773451
4786233
5031434
4513949
11972010
23973919
3505489
17943540
28779461
1481177
9138334
211471
11692282
1170170
3337257
3377349
13302575
14924525
9672854
19736180
5286585
3323651
3871113
14570292
13991713
333355
15139867
704765
182802
11597639
232097
17293447
4744652
17829638
48212
26434331
18304858
28208408
16747176
4229546
19238753
13162
20975341
21318686
22045067
18707192
28748772
23519507
37733
24024599
24047257
1282970
6059105
5682333
24209018
24120076
24110886
4581679
21259299
2530727
1573938
1563752
1510907
1298867
14211427
1188562
1171275
724786
15139335
32970106
749582
9211559
384143
15957258
3920757
4195409
10547330
12695127
14238755
15397979
18067981
19721214
21275235
26190438
26349802
31307092
32048827
32850161
12581491
7976
44760
1505891
7218
156754
866786
382543
5512158
2440181
31642451
20033215
7987456
2930163
447830
3124680
3663947
5921628
752085
30773109
4497308
6168962
10258383
2606720
2529654
30861409
2410378
25161872
24250110
22224586
1622258
3060112
2394873
10324143
23459202
29473073
9033086
31744185
164257
461601
461617
180099
484999
1482879
25075306
7516803
25326067
6696910
5781490
27941237
25081268
1999569
25015845
19963621
13487009
2995259
1805430
359423
331204
11423322
25016203
26161687
25114023
409889
13960556
5948229
25035805
17058463
801762
6406120
23687467
25054308
8605110
715760
11156580
407356
841596
15402739
25127324
601859
16868373
16435920
19117015
74803
25014610
2030821
712162
22088615
27078733
25320889
28342029
7128126
1270756
1954702
3258172
3509580
22803117
25012848
25013136
25021476
25063360
25063521
25143217
28286238
11354135
15402546
8869555
16747750
1091408
14274825
2690183
1359358
18694048
24786351
3121464
15729233
348536
846874
42801
240733
46839
854684
3320349
5606469
7038731
523464
26388185
3617116
10429299
1171923
2953032
430008
5861554
23882016
20151
3688937
8603844
3811574
3577878
4236804
2719447
2005216
2965870
11511874
27525544
12551320
9830391
30860573
30066599
22713408
164372
17340361
1411016
23471426
24418240
25247016
24959420
1228550
288042
9100423
870593
607494
2781223
5524712
2089946
5106456
7833535
148858
2929120
6889129
3644514
369832
16969340
18779574
4403905
6301260
11631766
872876
8464970
1412877
369667
2341933
14927640
5594274
17583510
1575430
18018318
18329036
657055
483473
857823
2268001
1889217
14194358
12662427
11395096
488169
6559322
5639035
2187350
7966337
7966341
8681929
10741597
19515127
27905609
6415361
25881663
2855828
15956269
5125744
5079524
2981869
1822118
8303483
7215378
8956083
8856556
27700691
29344570
175650
30855286
6813273
4589634
3622427
100710
983248
1529039
12356443
1716991
4152703
4207450
1631316
7073214
9205694
18797409
11231000
2190209
2411871
2764375
1379639
3585291
29351348
1670781
1577677
5239153
5722986
3732161
2967514
1328945
9327603
15240949
4280831
4315330
4632090
5206733
936243
6079585
1272689
6860987
30855279
4647172
7319728
2919554
851087
15353664
1999520
13365971
565915
2237182
7374037
2059820
4513518
11171095
1065978
4074723
11982356
728528
2936195
3844960
607794
21857718
22190636
7705934
22177803
13447999
14282113
6200112
31983005
5579702
279460
1958475
12587637
21381687
446642
3568774
5071631
488095
6039211
469222
17594546
1613163
247079
1018471
930516
3506128
22009016
690652
22414556
25460114
4427089
22649982
26210294
9414689
15888924
6978404
33050577
25558051
9239219
4771236
2201099
1044598
1607903
1621839
1958461
2868065
6039222
9224142
1486422
1867840
4678572
1749002
562870
5398045
1217747
5474249
1499016
4984414
1981229
2201109
2208584
2237174
2237197
2409402
2456131
2639225
4177773
4926737
8372531
9169058
13582211
14265242
15002680
18509922
18960791
20539257
21168434
29715186
29796876
30842390
30872315
30874550
30923907
4984988
4326764
1608235
1917618
3268444
4856397
13430856
4984334
501950
28572615
1811701
16573700
33131317
565451
1155973
675520
4647823
8737405
15941331
7270873
1992423
481665
3292004
4382286
2320869
5749154
6762336
9387973
13912349
22031467
6431476
740210
2519811
1365930
32046982
2582514
4750279
4937928
2276546
6970752
7695339
3319639
4367216
13526360
28903899
2112726
1367232
1379619
7544283
1498285
1550301
1472655
1581831
1660704
1797177
1798060
1871960
1926763
2668901
19338911
5099394
5385082
5670968
6751899
8122818
2772690
10450199
15202673
394054
1173970
5047488
20211423
20653166
2203557
13738214
1251113
2581106
2614090
3040653
3056459
2614076
7117371
9100263
4045760
4057857
4073228
4223076
1689825
4937969
1290173
5908911
6660581
1239342
7940295
8691644
7885234
26056405
11342632
12285804
1565408
17585786
17271834
4748565
4761028
4856137
2602089
4768366
30163215
5071550
5085603
5099321
5099300
5220770
5239060
5274301
2520145
5085665
560571
2583969
5402482
6094481
1483247
6529201
2862172
3008653
6717159
6750707
7151675
1779907
7751578
8581261
8664001
1240221
10999348
12392574
12735430
759942
13768404
1694461
16998686
27745550
1793718
6199548
1476092
23392034
25772449
4436061
8000815
1063168
8644269
8769739
9405663
2818937
1208993
9798052
10177870
4652053
8010870
671333
2329950
3130431
1034989
7712822
891715
6914583
85661
157973
2113689
13021374
13307578
22944347
13332063
2548512
20045325
21048248
23097081
919523
13184580
2005540
1657999
25166492
3856451
6812429
2945020
1545663
15601624
17631081
404809
16187981
15861407
3175660
5058631
8417736
6813299
7694920
23699263
9444998
19712244
5085962
19842709
2761281
3236317
27404285
27371597
903808
31247676
1401259
23179733
3544970
656105
843005
24737971
6645943
5994665
5737127
5085576
4812312
4675403
4514345
4223039
4145879
4145899
4145870
3957442
3891366
3649461
20795567
16629056
16574018
2704660
2674177
2433827
2363548
2331323
2276447
15349240
1836402
15002964
1600579
14452269
1446718
14265427
14082606
1124590
985311
969247
12928404
11260987
9687896
9559542
9332497
7467258
6797989
494318
4145834
27869409
27572768
27419133
2275957
1641579
521218
16979280
15746223
14438917
11572592
5161476
6896629
4848629
1050548
1414973
6688186
8238826
9630318
12123718
1628445
1953153
5791180
6829861
5161713
2201134
2976534
3366308
3563570
4144288
4453177
5236699
8123101
8173149
8372875
8487751
9328403
12580514
20224427
21119258
25896216
26625390
26879832
27745332
29924139
30077070
30291816
30503842
31311459
31675800
31828782
33269268
18937329
9491604
741168
1446854
10130628
20894221
30147053
9895735
5470295
15759193
33040025
600082
181327
24865660
2596586
13977408
15145525
17855346
1529408
1521995
4774581
8645180
4427548
4597907
17010573
17416369
19317870
3538424
4002846
3332521
484602
8828442
18681092
18593703
4372875
4372756
4372829
5404591
1032733
4559064
5178061
5402249
312506
6757286
4547920
332026
7890576
14618512
7623855
8529428
22137651
690984
349527
13080975
14157894
4372587
14440194
7635860
1167404
3672130
27379125
21873430
4372990
38879
21794177
21194681
2556981
15601294
14872786
6444033
26942740
1464811
6875688
1369473
176614
2646568
10483162
11868351
20149964
27940828
29718818
32911382
210458
471952
8423500
14002876
279562
17115165
13094232
1700523
25368344
4530879
2061852
2143383
1401342
1269972
16049463
1247887
5040299
9443276
540333
1384607
383510
951010
2946372
4306854
7382121
566114
9091851
1092688
1186042
1240224
4055033
1328777
18730188
6025934
5269525
2446345
3845351
6311077
933889
18656205
4853961
8754555
794197
7778546
8703840
10629989
838079
17634819
241554
25087021
19824572
2013320
20562039
25334710
23346445
20353565
19367860
2246339
13214874
30224834
28368773
1207268
9272356
2784959
7837448
9649591
26239234
31283250
13789005
1474345
2242705
15321950
4772844
404956
2235149
2007817
4811262
6032853
9688332
26886595
22757645
2246763
2446518
14690935
1251896
11859370
1695329
745000
2384631
31622396
6441854
6540301
11061652
15457903
18398079
21454818
2727562
2175368
548336
4074097
24281086
2873409
4243941
4808252
1920449
2921254
5911398
5596064
7466599
10202366
2175793
10367005
10587216
562863
1190921
26340116
24100126
8585618
897934
9206774
5266044
1649676
12495580
12713184
13726301
1081341
13502897
13726393
362124
15807856
27419125
18699750
2680710
316726
313194
566264
4811297
22837487
3455195
2843059
2825280
1181904
13545292
28005916
27963651
2469179
19764841
8914490
1460045
1493164
1625616
1976817
2286116
1493160
1532857
2471993
3962212
6525053
8026325
8103391
1920555
9101637
9570174
9930180
12441517
19470720
20947430
21312657
26693124
26802703
27149668
27384835
27486658
29720642
31020486
31376281
32487323
33139193
2311914
1374795
171275
643367
5941005
10610456
2306715
6787538
1066841
11065889
19529870
4058598
25030392
30765910
11967055
2823327
1747300
27711280
11993561
433458
5537782
2969389
28366191
6568081
3224792
2209681
10971081
8881290
2298022
7183519
3873418
4937817
23875491
3102862
25355461
16080310
23517483
4310793
1726151
4849372
4153346
23114830
23811288
25539308
25075377
4398548
22222424
20241630
2630148
13317081
14830180
622998
9372975
6467009
6727562
1531621
7635543
2211320
2606761
3201438
10887304
17946398
26567023
27592137
29726758
32049685
4278179
2229036
1343569
4929776
1251555
2941957
18944151
379723
2501936
3052906
2649590
2613293
13531175
19680709
24524127
13734008
1648145
2878550
2781891
13691180
26392134
4588512
3979096
29113253
977446
6364281
6719960
7530620
5284431
9168010
9445183
4021831
18417212
17589082
2029981
22313485
3223309
1392834
14372719
17270429
13514896
14088596
14088434
14271513
12243364
13537528
15681429
7726134
15992944
22325946
18728787
29113436
21433344
8784383
849869
23813511
25162001
24720372
24524113
22649592
16606395
2195974
13698170
12921608
12848826
11215843
20030573
9445458
27978931
27352001
26111783
2165989
1930232
5677760
13089526
3210739
3720076
5654768
6260662
6373555
10748988
14542263
26929368
27937157
28476144
29112793
29113331
31378254
32312134
11034750
23901768
1846551
12268048
1839343
21828
2778641
1124192
4071127
40331
27842489
27033377
4795498
4883403
454514
976456
12554186
8934746
3089396
25341247
3366711
12680193
2324008
2545480
27951283
166515
10993971
4265920
25213026
25820238
25820671
1563848
31004287
148859
20720928
2831887
10116421
5669302
490636
27288346
84239
2548541
1658934
5706002
2287167
30341125
7177999
21899236
23448474
16940958
13278290
25018637
245067
1595912
208962
544586
902460
2771798
1055010
4548592
4554170
4255269
9810106
4211447
4922800
20215249
1458744
27706059
1064386
1543274
5304443
1401337
1317571
899702
84241
321159
330462
228541
1928896
1645748
29452601
25813216
10300434
6663001
6637285
141836
6598987
6610957
2288555
1217666
82268
3785413
6856942
1611556
1560100
2060104
8706333
10221790
6721130
3421727
3477402
14446160
937047
2071127
23614892
29780205
58386
15910747
7048634
1255728
33273067
27856217
25074566
1070930
2458500
486895
32643540
2596578
33053407
1368120
4258588
413433
2663002
13591831
11819417
5570367
6696690
10538296
11131972
46877
2254459
32842910
24919121
1510547
6987720
8999528
9461930
1058578
25972194
20366719
213589
4537209
4436811
4812768
1191678
5520452
1502304
4913611
7891779
167212
11179825
15044688
1336525
33042393
8686846
9270883
5615016
4597932
46875
4703434
1693493
11735958
16863160
576162
2977753
986261
28333457
11304298
10371102
25114600
24671355
15044532
16370989
17104529
1672662
8726429
17031486
17216198
19092964
15114944
67062
10261160
1801363
20819157
20819056
20814247
6696805
25042442
25573714
25204524
24468096
24231396
22486370
20878578
20325528
2408077
33040684
1687039
13902799
1035584
12551864
29470265
27959000
27287513
865067
7149082
6692412
862873
1369304
4500305
4465128
3167961
12695089
14478631
21326249
26983072
28511814
29260559
29575906
29575916
31973390
32524576
32590078
32594464
32643393
32643407
32643735
32742111
32848512
33159833
33274932
2626421
13941934
501632
2070227
24039638
18777208
664470
5259200
428353
6145112
1766436
5640241
1809116
865100
16711175
31244772
1348489
1018586
3896519
21819144
1386005
1323770
4024654
684340
3937833
390441
5436415
4631214
4059168
6292428
187158
7025105
31654663
2362339
28083520
20858012
7959603
3301079
6077962
8410613
1040651
2034816
1218761
5590376
23592375
1632110
15351894
15308701
4106289
8927985
19144348
6887103
7030739
25494096
25246980
5819524
23492538
4775401
19610238
14517956
2262309
2344862
20359091
30796899
32525575
6099133
1033788
770104
990772
1733453
265891
5463868
36816
19161878
6562778
6872687
3265039
695323
2920404
14933365
866862
432208
13289619
18764351
3093642
3285032
8461302
12433643
14469507
14719555
14734214
14734420
21747668
26683130
76560
18534928
1047232
7828131
90796
2234430
21849645
3223228
25146
28159119
25198879
6060158
13140338
3014450
2914572
3662202
4143201
538419
21295466
5908316
1668848
6886711
11516537
2222189
791882
20632
9240685
15526247
16196612
3072220
5271814
18015775
18371059
22192782
5406909
3016720
26742973
2400130
3742059
4434398
5659119
27938397
24768
666606
1893324
3634216
7516462
7142834
77245
802763
1453773
1526241
24809736
6915274
2849535
2545675
382548
5385131
378699
17494156
37561
7427336
630643
14641454
7025864
5236949
30865990
203929
3478200
3517054
5311133
5784350
5310663
787262
8852008
17280001
794480
4906134
18062639
7185991
2779183
18064977
11382765
1113540
1613583
15184853
922477
24505779
4833687
1949860
5912959
11141966
16034374
2833143
7995596
4698268
8925586
8947332
3313373
26285689
12379051
1869802
12672122
3066308
2100052
25317039
13616850
12435096
11456273
15456155
12420159
19585764
17108063
374214
19137598
1592330
3493900
19266695
18452413
24297012
3974935
25266484
16806750
16362197
15375137
14425063
1118474
1676659
1921274
1922310
5781689
17909691
14338605
24529652
2405785
4333464
7465307
8745140
8840834
11562049
12883603
15371613
18172935
18806867
19264780
19527621
21331634
22176630
28070750
28267259
30579588
31536632
33103853
1790687
4654866
2259894
9798923
1580855
13759568
3237509
29290243
11525538
30618147
254856
13246209
1362222
20647756
23677977
26982986
30958850
31307707
4259028
6028375
2151324
2219768
2219861
3694539
15610370
1860771
30442615
14631831
21895231
18834067
4784915
10135033
26183938
29866177
30148852
11281360
15349505
18919332
1225167
69369
32878343
7536978
8668790
24605322
1179731
8717826
1042178
3081668
4030570
15293709
301873
7103607
3733626
5281618
19134153
22834393
5793408
2155549
2198556
29836419
46554
13261015
2885059
26831669
4344526
5865796
10906579
11671423
13503726
11819168
23578833
25355108
2439354
5063764
23341643
3633240
1071255
4400112
7224213
3661279
191993
2409755
2558986
11877972
3558619
13903255
28732535
1450149
21852255
1495466
9061286
403936
5781551
23308765
23738654
12130512
15423830
11558718
10134283
15383777
27585944
9336820
9090116
15270376
1235914
25287920
30083318
17458201
23472424
2001439
25791126
12030068
6489191
1120976
24442533
1283683
1510467
24287581
2038308
11520202
4440772
2954970
8863258
637791
27889846
13510596
8242192
7082459
3192331
3651805
3995361
897330
7433959
12848359
17605227
22077886
24046872
28218518
30269192
5073665
2226165
19356963
5357111
5704525
5989572
6218151
26046494
25815868
13769016
3945246
27704803
10266613
24689199
29799092
17585042
8625298
2926564
9435362
25271449
9588308
11585215
17318444
1540390
2668132
7003929
2227191
8444565
25340533
13725613
4101623
5186224
20567482
15108730
17580615
12737326
16267198
16235796
16439013
8104499
11908954
2491319
5252067
12209015
18617165
20820241
20896507
14247202
14714894
17387499
21742924
25815652
15269342
24056098
24114222
24434903
6673470
25271445
25249507
25075386
25023665
24295113
24208652
4774015
4759029
22707066
3945414
21552549
20661105
20351533
2919846
17456975
17109763
15397640
15007729
1633634
14494838
13958538
13529240
911377
9598178
7068193
6696688
13509365
797470
4167420
2831822
2837891
24260238
24232118
15674315
11219007
10477741
2039279
1354248
2031405
13842321
10413880
3058523
8101897
3293942
4025015
6774597
10656113
13784982
17744488
22403908
25589775
25801366
25816213
26205158
27704695
28839054
31540689
31540708
32991580
33309845
1720902
5665246
3742602
5398050
14494750
12529443
1566697
2838429
30670772
32087919
6935974
1741457
1975888
5142054
49592
8849986
23243835
23280201
76723
2375989
30264696
18974217
595367
1621210
20144230
27781010
4247553
12850316
2860718
18706748
21834831
2692577
482611
32235589
2057414
213220
439544
16673130
3528613
657417
9772214
509860
24467495
5853581
1162405
24025135
20623218
1579073
1081936
488568
509059
5612362
535399
2570894
538663
20609024
6887352
5979812
24114355
19780195
12132723
6814691
26161695
30558390
31586539
21228105
188904
202533
3698784
1716418
6192344
2831943
2213814
27598417
26226234
1069492
1939944
505920
4271344
1394809
2153876
2349560
24646179
1343556
46876
1435167
18961236
2783051
776177
6757791
554090
159187
1196376
5398610
11081055
642702
24024471
24326330
1044243
29544217
841344
5812114
1505809
28034065
2420852
6017673
24760112
25617242
28449265
426998
11450715
25166391
22582392
2531205
366183
2447713
7379501
23915846
32250125
8820822
3146924
291430
7309881
9462628
1157192
1099219
9667006
7380299
3714023
8835835
1001784
31149
3454381
351465
3034760
12150415
1001707
7427890
16573896
6603272
27701594
4885002
26442685
436563
1560817
678353
3162386
5143858
148866
1240226
22203812
1240220
6904812
494279
22131391
148836
31779110
2412262
13541990
957208
956505
493378
27905457
147787
27905312
27972727
476996
28826404
10709958
11903764
4662215
9106281
14130702
18383725
22353039
2246113
11993020
24089407
32882628
32853575
32863238
32852475
32895123
7542096
1713113
17478003
17695197
23477977
1068876
1076942
25987216
6484151
1664891
2024586
16716842
19238617
6855943
16585
1990283
20713885
1424574
24468762
7230882
2256308
27665702
18893295
19125587
2487817
6077173
8130218
16811046
18292599
25244073
3670262
13740239
13726049
13778030
2163484
31989385
8773661
3374330
1784889
1935683
229274
246992
113092
789633
46568
16659506
23429733
64085
2811212
390774
20960736
21512594
1178891
910272
497794
23868020
1148978
1056445
509495
2461312
3270398
3304788
2220004
897281
1972996
15310783
2209922
2220268
6907309
23535046
23410459
7372920
14231030
7380302
19887728
1366483
3994725
7379536
7372998
7380290
12240435
13991903
6811448
30247400
25813348
7301586
6692908
8823065
12290851
12290729
2409052
2927371
22502579
7293542
7380333
19070089
25791729
25793500
28665720
10324589
21668456
25789949
4160529
4611669
427091
371575
4020758
5664739
7919249
21004714
67079
463551
1070039
13949271
17480934
22951858
969027
7121051
6180754
1790624
2060056
25806489
10504791
6326173
1046543
14937185
25806923
23498882
13891086
14474424
3127015
417052
16961801
16989905
19862550
18556823
19029222
9580506
20580717
20696978
368393
1612724
23700198
875593
25086155
25004045
4142376
18231706
1840166
1565305
1289883
8565882
1943651
7458186
14165430
20676825
25790368
31479512
31979224
32333512
9919414
6027409
729782
314994
26877055
25876672
629528
1804762
8967559
485487
996943
11006995
4996480
21166246
620543
718821
23740757
23147277
6935794
27835383
27835447
28321713
28324751
31051366
7162195
6038844
5984059
2472597
19784922
24869743
3366179
29457480
20844587
67083
2932848
67081
6728442
4024651
1842953
30154406
23105570
5501075
23791391
2927274
5994583
10234799
27746084
6031890
16279833
2539174
23282313
8549517
22630005
856246
1009575
1035159
382905
1034931
3114909
1503906
21509473
2320020
1681794
3112674
1673316
19596036
1591500
26296206
28564574
2031324
3414103
7035388
10859040
3134434
10410811
31988446
22002568
25359441
23845893
19079925
13664734
6840120
15084682
6883997
6985714
31251539
607013
1731577
1302067
5784160
801055
6002410
639695
870028
2621635
1210420
1166477
13059108
4291756
21503653
85655
4222864
1873806
4222896
1470798
16930999
463151
1375015
463109
1844139
1133027
10090477
1325923
2119323
10827184
1368715
1658639
1658634
1788069
2279490
1134974
2168969
2233770
4880668
1290435
20456728
30871357
4953024
4145851
4055613
2335965
1848369
20083367
29658618
16535965
4994066
19600187
2147925
30861623
3838713
344611
23256518
32329734
5262978
576168
4636852
1082818
531897
6600176
8409275
1009495
531918
14222647
18793523
28869950
23948049
5371723
1577220
15426248
10470619
27555288
27716083
30506599
6813447
2691547
1154736
2077652
4334793
2248477
3790961
31491392
1511893
12070548
20183215
1169609
1405405
1521338
1299823
2162671
3191167
2178639
1505662
2642409
2841918
8413657
17346159
11963102
18288137
6309715
1748038
5327145
665144
5908758
271332
11208857
8130357
8173030
5085530
3884160
8679553
860925
25938879
1124624
5290574
14529502
15300301
15540836
1288963
17148574
5327030
2240583
89822
151503
23918012
1134696
5887046
23341880
22661341
19217207
18250117
18250666
2386243
16001973
9959153
3967789
25664124
401838
13426263
2492992
5017809
25697201
27403593
30151673
30152018
30967022
32404464
32949236
7372914
11109131
1918285
5593159
6578090
2903162
13933102
7372911
7301572
7374560
7380293
10836590
329180
7368588
7372919
7372440
17728755
18136194
19741856
7372917
241559
7297641
7388840
3903675
6300686
6412599
28407475
30177507
23134294
2387208
1205233
5193436
1089712
12181193
6264742
838114
1159706
12027903
7660130
2403299
18912908
1249840
13801386
9116683
18515619
16615007
7367932
27945083
27900236
6310975
12930669
3176152
1273955
16976538
9019645
8547339
3338700
6947909
3365504
7714680
4801473
11161766
3215001
199662
5904402
6094379
25890445
634940
24618071
7761338
33095520
14627890
25890591
25892934
4161089
21056565
2334244
23767355
28622602
24699488
11172943
6552323
1631338
54573
6854375
15461291
23013109
7382149
3303247
23257809
23529757
4237245
7457009
160227
7419133
28993674
3728296
21957739
15802575
936767
31244211
27834694
2725088
1312042
2784670
13896419
32006171
11885139
799693
13537538
8017525
3008804
4079895
14667833
7529362
38537
9528704
8304016
14320
22018614
10623318
21183599
24045172
2661403
18724093
28338010
22625219
4631443
746979
28181277
4795582
1251109
1466243
2922279
1698841
13059104
320803
420538
346942
3212907
85865
1251025
9684589
314431
1359316
8841200
20242836
1235074
4794593
7635931
28172717
1319122
750350
530481
21280401
21561349
16169299
25573391
4795507
4060538
3215300
1324514
6890795
2054814
7549159
11591411
14426196
18486418
24013517
27901635
29166193
30472136
31533238
1058923
2381892
18648699
736627
926162
5683281
27743683
545410
14707799
14689798
14715931
24548230
5681557
4788772
2981884
19311886
32605827
26629971
19514632
1282496
29881727
11660020
27977847
19521914
2924882
3148089
1148726
9092234
24103547
11811872
28861395
8036916
24693871
25154292
538890
11659808
3442980
12684032
9239968
2293850
3579116
738173
1368703
22879365
26790301
13609323
390827
1786910
32362790
17734897
634071
22895121
513399
4247660
2407124
29657006
2732197
15338834
14414195
2973886
9313826
10470673
6935783
11551264
11675687
24782112
25937065
26099191
27871534
28079013
29148321
29272158
3190605
32817780
32839492
33039521
2399742
467066
891531
57572
2668226
1565902
2672214
13144593
31824797
19247806
26940794
4816279
891515
8624019
9505785
5679871
24981966
4760527
2918178
17466908
1752021
18947014
8649265
5638784
3333523
3685429
9090004
13684921
2463617
12137607
12328577
13700518
13700540
2873644
10470535
2431991
13700545
13700562
20911395
12835295
19628945
22631033
3046256
26496776
595121
31128
740373
27767967
23691763
6693851
234224
12253305
23159504
29888040
25732443
17584531
54229
22492959
3720007
1466367
1247202
1217251
20855991
25716224
1503768
1471058
1730071
11379480
21358361
28036384
30624659
7089
6672660
57947
4327148
10301375
477294
28029883
8238025
167891
19150178
317608
254300
2935645
3160006
6916080
2585295
9355313
599951
1631434
26607091
3098266
5290678
19469726
25697217
26024858
31225905
30577888
518883
5869082
2490359
3660372
5109815
20973362
8271652
14460745
19217853
2808793
5582242
20892480
1196259
1920165
2678602
3003037
1466132
2757168
31329259
11152747
3159000
3415016
9075322
12090450
7721594
13985417
4775968
23466958
6120989
2490171
2860490
5602867
1809645
6968632
8740759
29018132
5109562
11958809
14459309
18813037
8727091
8727293
9926192
10184765
12308708
12223520
888215
3143135
20684929
8726823
21008515
10083584
13349852
1728036
3664665
15725241
17121634
3360477
25401614
10197725
6562395
1780076
25049444
23993847
5371863
23656466
5056670
4156488
22217826
3691444
2457818
1437812
13231581
12971157
8358599
7518753
6593438
3307781
2119760
2302721
15439140
14853556
13631983
3541700
1525876
4400853
5085392
7112993
7849940
19085996
19507543
25672756
25681541
26220066
27275524
27725416
28675927
29533256
29662602
30150652
44813
23054130
3342275
28055625
978236
30420606
6559338
4971595
20004392
463620
1261552
33087393
704828
25140182
2347159
23743608
362677
2003927
1712588
799541
3220171
1139002
11065954
2490025
3213860
2566676
15349424
4447601
183080
704826
1820206
2064410
8033023
8239198
507776
8773037
176562
946499
2114706
619925
14367101
421897
14297588
15383141
232111
61230
20603258
20679487
732066
20589273
8034655
23297791
17822319
2241152
1127111
8752455
7236389
6524650
3496191
151501
222266
8034211
9017644
18478936
20222160
26528368
30585044
31776136
151513
320594
288636
5304432
20588155
4855800
22150255
378128
1310751
3835970
8913245
8436040
10391651
21795325
463687
20539521
26068487
6469494
25065882
5544757
19709535
32339018
712890
17104846
25605526
28425224
