109915
109916
48494699
444790
78952
88914
98591
270
104254
109913
113386
46202
57049
768032
73995
87961
88419
139485
969383
150063
8810123
48494390
48494390
71639
71644
62726543
673030
71638
78169
24111380
9825328
88912
796437
162585
196169
538524
830757
48494699
71639
140424
162585
235384
247249
257409
150520
269
1614395
1553907
113385
47064
44395541
62726543
74686
139927
45623290
165420
786191
171534
173354
179182
201041
411886
249202
335460
48494390
105664
56982
574290
746203
64306364
746217
716097
165420
786191
673031
67627424
67634377
67623272
48494390
71636
71644
72316
62652958
1417
9825328
78861
71636
88913
88914
88915
650836
62655053
711290
162586
94806016
162587
1418
71644
162585
74686
266203
67710251
139927
171872
538772
835509
760291
321053
67708191
47064
57485
752722
74620
742361
247175
274697
318765
321053
247174
247174
113386
298746
1618844
1614617
1612651
326417
711290
2953415
2004714
1502195
1690172
75195052
269
1612651
346526
455402
448715
252311
269565
44395541
284194
36498374
332736
591542
38883450
835173
91247753
746206
746213
218786
746196
73954
746195
1417
129392
67624986
196059
513382
67627816
62655053
704682
62652958
129392
67624986
176326
196059
513382
216417
66830544
159795
88916
494825
11641366
821405
105290166
72280539
72280539
247653
1614617
1618844
1614395
1693234
1694391
1694676
1682375
2139970
2139381
1719294
1694390
1722593
1693233
1719263
2049709
101605058
28340377
67708191
67710251
346526
98592
67624986
62652958
744955
513382
67627816
245320
16035308
67628227
340337
67627816
67627517
200074
105200450
47069
140426
247661
1696084
1682374
1719189
1719214
1719115
1721660
2139380
24111380
247656
247663
247662
362704
247660
320554
247655
247663
247659
247654
247655
342383
247656
399047
77599283
247657
247658
247659
