33211287
32230735
18412684
981238
2326941
7364630
710331
338199
571319
29735189
325813
187337
5566181
13985701
1585922
27317345
6805386
14227967
13516635
27414778
28502338
28507035
29483633
31063708
31501543
33211294
33245450
728019
728038
1133565
715707
14968
22458
493995
646933
30606
16992894
11455548
494013
509019
927274
509120
847886
910285
538132
542355
723297
584310
924025
542343
1216087
504786
1664543
451445
1215851
2684060
8748764
325260
1216013
213915
213919
1215833
497485
416823
910274
213996
699772
652733
857110
4047259
6673051
936102
936111
585810
509081
860507
717519
10254889
31296952
3125930
11220797
3313527
31276757
13056778
10609147
11167471
12015290
19762817
1465883
3133115
29992976
11510650
203468
41926
18757567
564004
33331696
45809
97034
2801989
243227
230401
3157516
53776
4855682
1778619
2669524
53783
247577
21677830
4032816
3444072
159501
3757117
100558
1284311
7639687
8244667
53777
9516059
433326
197253
1019406
41985
897064
3589536
3562453
5944391
6263731
7220840
30159370
18120382
22469695
450062
8286726
800010
31248
19589
2256654
645676
97026
12377419
38501
684680
11491940
17247558
15972636
890285
221244
14993828
597584
20815865
21480757
21595579
184625
23635821
22721120
239230
22336498
25191227
24885403
24277294
24093092
23073520
4072443
1252846
999491
8371035
8287689
420524
31567349
8149170
30208672
30868268
1950766
3621036
690736
25717465
690702
690769
12606685
1460126
1657860
1982872
727811
690647
2518787
1585274
920110
4606726
7385565
690686
680672
699498
8155146
16456063
21051195
426743
32490744
692369
19448392
702867
22728378
690669
24917736
24205238
20933302
20505205
702837
690742
690775
690728
676304
691803
7166633
21042117
21796230
28646503
29722894
10949
998074
161944
244463
21105530
43653
4056695
4689919
4477141
557931
6022680
2083415
4057707
9707263
392431
6437953
1137033
3838181
420919
576855
672499
24109545
5621080
7543270
28134188
31169226
3821625
3428490
1643236
571341
4843588
19363223
7857636
28094072
873839
972328
4396962
9982439
227155
7991
17948663
1633057
24809733
7769842
1175666
352343
13547826
23472134
7768943
19658548
675231
2777098
24314
8378158
1577896
85821
244431
2472880
3498787
4112719
581175
12415907
7735022
16181442
358277
17283742
7667996
15093884
4593774
744165
4989397
5584249
8997770
1457254
11117830
11503485
4669481
25791920
584406
1399856
13193620
980508
9309
16970848
13511542
17315337
20093959
24126396
19635706
12350534
9313
6978672
24229305
18033364
23674225
19762118
2554240
1452141
12575446
9419642
13790456
30697444
24845923
849412
20752774
16647875
7566175
7684634
7768222
9928681
9938559
9944209
18301304
20249418
20741076
28228942
28691490
29106883
29341653
31104438
31104610
32696387
18298594
5526051
346262
1483049
3124950
1652062
1652574
1771980
5362893
27970912
24321380
2979341
25890718
8175877
24320794
2476311
744291
7271835
7740082
7762273
5521925
3892303
23093011
1614492
12013
670588
2979337
15772253
19720831
24257124
13548222
61891
16823137
24111422
5133142
20143357
20750994
2129782
1707627
25373662
3972672
20183795
3396069
17458495
16795502
1655142
14496121
1457636
13580526
8839340
8337647
745755
5427586
14221581
14221614
14223173
25646409
27545816
27646966
29008739
31087478
1373338
29812913
11494014
13518199
24387478
2861799
2856852
11492935
6026731
52021
22709916
84539
614962
614988
1651618
169311
22782409
1643806
288288
23820116
1722759
2715277
9092767
2888207
76861
240694
5893760
3166399
16660676
16988587
22780828
22930508
5539109
6247749
614956
7097464
2107748
632632
1731731
11173637
18154982
19044845
7004401
246562
311544
18119915
614998
2788568
15095266
16550517
17500352
18066908
1575708
19403762
21749361
4015871
22783396
22813653
22946798
22945970
22946501
22930177
22932101
23418323
23265480
22947690
22674877
4244250
1575704
1571968
1327120
7460839
22782777
1623938
6948446
9396423
14227148
19731900
19900560
21765779
22381228
22786540
22812263
25648858
26196139
27069553
27497399
27867508
28209555
31111767
31308099
31554519
31834133
31983045
32487382
311034
601284
32111709
28174525
26412383
28297874
13996
3335635
30537813
4261544
249855
2754256
17286828
100450
254138
546678
11960848
13995
69890
254142
30047903
3402053
675651
3707999
30317554
31075298
33238984
32023901
12557839
401018
220665
31747782
6008654
31806890
3735444
5941050
8803020
3754285
3870545
5940977
9400139
12677988
5940985
8802992
8802945
8802971
3733318
10120241
12237982
8802976
8802984
12557781
12677924
31194124
12677802
8803002
3870617
18335489
5940999
10083278
22952807
5941071
5941034
5941040
5941026
5941016
5941045
3870681
3757650
3757419
3757353
3757618
3757378
3757567
3757507
3736299
3735260
2795211
8802954
8803007
8802963
12677782
622688
9409435
9481422
31202395
31718204
31730646
31737243
31737675
31983684
2961
1399873
7726759
363423
17625375
16081202
17502341
3686677
31675608
2064818
1128605
1133303
1131073
1123549
1142750
1177974
1178002
1178048
1233345
1128638
1131101
1123470
1128465
1133367
1170930
1177972
1177979
1177963
1177983
1177970
1196222
1196215
1233346
1128599
1200004
1177939
1233342
1133918
1170258
1196304
1200120
1233347
1128461
689743
1128479
1200024
1177993
1128491
1123559
1170286
1128551
16034
1142743
1177950
1133317
11350819
1131111
1123547
1170312
1177937
1233344
1142737
1128592
1128455
1177955
1233340
1200006
1196281
1196250
1196315
1196309
1196275
1177997
1177990
1178000
1177994
1178006
1177982
1178004
1178005
1177977
1177965
1177980
1177995
1177964
1177967
1177953
1177969
1177960
1177952
1133338
1128627
1128615
1128650
1128614
1128619
1128635
1128634
1128506
1123562
3029878
16814
2860441
3029898
3029843
2851834
10393682
10393833
10431815
19991999
24081749
26952055
7652409
11731171
24804975
4157031
4157168
1545975
4409105
4128971
31514
2038646
2994250
1570072
10684617
14240178
14286667
14222708
24256229
24256106
23534720
23169584
27258886
30275938
33034771
9401560
244321
2568408
1359832
6166234
24338041
5297278
23258067
5297369
89247
24318162
2472618
735426
18420
2472622
20506374
13511620
753215
779955
9873493
7597440
15587401
15720401
18389679
19435677
19906325
571745
11236982
25069366
33127271
32609538
21843366
6983521
12706069
14613600
21029840
21395008
22036024
25691198
26588943
27388002
32299129
33081117
3992949
826885
6808344
6809151
9909979
403165
6807932
1620703
23905
1945303
1264842
8407
6285
25923933
72634
691765
710404
33006898
1090244
379520
24838306
2034822
710415
30411
23712
8262
7342033
185271
710420
2034821
710384
710426
19848434
22339952
32965449
333299
3521844
3521966
2915839
3522789
9352244
24081988
2192366
33329655
2081012
24083222
581560
3307045
669402
6289189
2968303
3504428
3521756
9352497
10723825
1148129
1667420
2076964
3521796
4855648
8815
719845
8613537
156802
2316192
3504410
3522824
991786
3881930
2950777
4157407
7083690
720167
673575
24081969
24081783
24161179
24369113
6109457
23975
180253
6544867
1491887
3691548
4157127
25914056
32678117
19558316
24081922
24092647
24161196
24750268
7820640
8476166
4153
8619670
3514224
9309172
33207015
4157350
23917
6792316
23470
237209
18671714
10393861
20830203
24081939
24368316
24369027
3929912
931876
9616026
3522683
3752558
19172682
20740765
3522774
24081874
24092608
18311785
18624814
18681460
20700599
20826087
20823563
20823052
3504388
1170160
6286120
24087336
24087334
24087323
24083182
24081831
24081770
24083203
24083321
24161236
24161250
24368858
24161412
24612402
25292663
6317514
24369044
24369129
24369037
24368960
24369063
24368917
24368340
24368944
24368362
24368382
24368929
24368986
24104450
24083193
24081904
4364195
4157154
4157372
4157192
4157005
4157181
4157363
3504488
3504442
3504483
2951640
2488073
23453065
8362228
426551
6022079
4709281
4156959
3207200
2069325
24368889
24368872
24192415
24083295
5021705
1548894
4224429
2069342
3603745
4157141
4157189
4157204
4157391
4349117
7086322
7087334
7297972
8581934
9070022
9367140
12786864
19193037
19575563
24368309
24368440
24369094
25923673
25923721
26245455
26534374
27699622
30207888
30323162
2863809
31165912
33254166
89405
1005719
2915428
2871265
149926
517370
24303342
4472133
31224085
24303725
3645795
14826806
14848503
14892794
14737027
14854015
14894345
23901
2601866
8010874
14767416
14767374
14800189
14852559
14854954
14729346
8010465
8010901
14797957
14836003
14852557
14826884
18437022
14767417
14736821
14749958
14751126
14751047
14788670
14810565
14809633
14853782
14853781
14855183
14890508
14890505
14892761
14894187
14895644
14895762
14800187
14854485
14751130
14809636
14797458
14810194
14895763
14892705
14848541
14809983
14809635
14809634
14810606
14809393
14809314
14809638
14808491
14809641
14808143
14797468
14797571
14800186
14797569
14797947
14797970
14797562
14767373
8010947
14854464
14836193
14836141
14836112
14836055
8010502
8010546
8606809
14848692
14848694
13181245
32917096
4157457
2910030
724753
1707682
28998519
4157522
4157622
4157599
4157558
725111
31537152
2859668
2859584
724752
727271
3521213
3691443
3929468
3929539
4157466
4157120
4157444
4157267
4157263
4157338
4157399
4157482
4157474
4157654
4157639
4156879
28998467
4157510
722873
3929529
25927742
722549
5977290
5981640
2859659
28998641
722548
2860091
6793390
4157661
725126
8670186
723196
4157609
722554
5506771
25927939
25927830
18347788
25927916
26063475
24232091
4157694
28998802
2860528
18354141
3929452
4157630
4157594
18853226
3522878
3682218
2706406
31537190
24080253
4157496
24161157
24278892
24278888
4157679
4157697
4157567
4157645
4157674
4157586
4157669
4157687
3522541
19659302
3026561
3026569
2860125
8813202
4157315
14924727
2860045
4157379
4157430
4157502
4157575
4157613
25927472
25927875
25927898
25927930
25927961
25927978
25927988
31536917
31537091
31537121
31537177
239136
1688550
11064788
1851
18119040
283007
18119626
2867012
665025
8834492
15023
607631
8810651
6280
2864397
27633477
41795
2624629
3037035
1270875
1152079
455770
1040597
3817255
31277685
6183392
98761
1152860
24872872
23015254
1270691
28153829
8780193
28380179
27367024
27900233
13805160
4561188
7271261
2284104
2229040
29895551
2057290
4011785
13125238
3517732
17878029
2088675
17110513
299329
4391494
1911810
318439
7498882
2061486
17378052
3656587
30972465
28934119
6026708
4605351
1661566
13911197
87030
4558491
7024544
28082011
30533678
18696734
285879
3515524
279654
286534
1051942
3124498
4674
75629
438471
3364948
1189425
1699060
12379384
1153192
1605712
1533767
3003657
2754301
3417338
577097
22808985
2879067
597568
3142847
3123459
7625755
675699
11333082
3417216
1409693
3025819
13682464
15262012
6814241
1797175
1665969
7767296
9001642
31450846
794679
118404
9328337
19763183
98748
11512614
572903
10912009
4436211
30806
5786138
41821
73613
14514547
31499648
31274
16024502
16025028
1676725
3568843
1481659
2497388
12481023
17905449
25315112
17676093
149326
14675239
20262149
22672164
25436675
24924589
21661207
19716804
18604065
2546511
10032858
12480975
4436119
464119
21678520
28537741
31075291
31877832
1326443
378310
1631772
3125155
2536864
636923
250323
58862
9797288
772031
21486302
148420
3987703
21116542
3118411
21533914
2486417
2958155
868145
5558956
9421457
26808342
26611936
2886586
2867174
2864884
2958366
2336224
868153
65798
27606828
3772072
2886133
2008741
10039881
67903
2863719
4850275
4516489
13180391
1548669
953320
39372
3771917
2863858
12126635
12659803
2864030
25350
9401706
18640974
19292825
321671
2397591
23429522
22058210
2957180
2886280
2864821
2864718
2864311
2864244
2864170
1561945
9421365
9402045
33297462
8834365
27603257
13606703
2888949
8834198
8834644
8834676
9421082
9421111
9421333
9421390
26108571
26194315
28157642
3465055
5745790
4031236
2396669
36670
5871105
6381755
691279
8281950
2397428
12229416
12740519
14620737
13293756
5745928
9308202
54419
10565476
213003
23327939
133877
1966238
4388651
957598
14926151
25209398
20619029
285486
287137
4145225
280529
8464397
180249
26213
376538
3710263
31282
3761640
24084383
4157518
2537223
2850448
3957132
1655876
52435
2597784
4372111
16648043
24674758
24187428
24670148
23396410
19657952
3122052
781806
18978005
22816079
23784721
24363442
24656270
28059825
28150097
28140890
5133456
353042
21318521
159023
351769
17598460
4358338
5028195
2190732
4317775
7651308
12774077
8267820
15582811
704160
232602
1966797
12769593
1363880
9903179
1966814
11288998
2507412
5462075
577003
12114107
22684368
20251284
13527104
6609041
22540036
26649339
4849574
4262609
30121233
26397
30816
11261383
1333086
28382
4320
4321
1194858
15843635
1377178
22045750
13883
6506620
9871765
2118
31075365
5140949
1650168
1266713
22192834
19310129
4587190
1731488
4008959
371914
19146037
2185021
2145273
4557120
48560
267355
13251077
498304
14819817
7196522
3606300
1410431
27561614
27950476
200877
12106740
2379792
10151936
358477
10477221
11790568
7785594
8337525
1109958
25935140
31255067
8136831
2480226
3372717
4331203
6368430
10063937
140592
43730
26874356
31302509
33328430
4993539
534914
1449175
32688684
2705947
262243
1342362
18396728
4367424
1620216
18305460
15094186
25350167
24956783
1615479
1448472
7770047
7770329
31633320
1462712
26259599
21689920
6706815
1520758
7250518
17598450
23714466
24030130
85816
2554738
23717056
24240406
6412575
5719307
23761806
11197065
1110667
13672415
1396880
25842216
21062705
23761072
24041180
24054041
13396591
13379568
5358570
7355278
194926
24177385
20058152
21626188
878962
23702758
23759337
23970662
24054940
24064939
24093107
23716451
24131381
24128464
24211555
24384368
24175436
24107869
4112667
2724154
1578059
1396870
1110499
8046549
4776914
26646697
24116567
23714047
7324959
22258988
23701071
24052345
24511700
25730141
25854391
27984185
28189558
28200770
28918145
28990313
32017067
21681153
749033
670531
5465118
1772757
4055799
4404434
619054
7197623
10556587
26305568
1409506
1406385
3115869
29237460
892014
1155738
5939406
14206645
206886
8370929
8337948
14726322
766409
757745
16981683
21463296
1704711
6866086
24373430
23868797
20766353
14206817
8477639
31553074
28961424
5429905
26270834
29420000
31605745
31702086
647196
19926373
1290806
28865703
12039643
27481099
1369821
865249
1369832
2330838
1847
279651
3257382
11090262
19116785
4774780
7685783
20796238
30008292
24209919
2346823
525320
360581
4508797
21616365
4508811
21014841
25443519
7815113
24373456
1378661
1373168
3934869
2699467
2938319
1304107
8802504
11264285
28396062
1774970
1609861
355100
19721986
1860374
7599422
5021549
1427502
27131455
5966396
204002
19726271
19723542
2833034
16130126
1455603
15433676
1536947
20751674
232535
19761038
22759888
31803163
1448291
11844294
12600886
22231180
9312326
1396888
8864
25730128
12061759
13322903
11252689
24438021
12015517
7158665
25730509
26266763
29008597
29638267
20347079
20346715
2016186
14674709
17545909
2382632
31383987
31961387
17586182
19718112
19760684
346755
22061820
1708671
25337588
19761034
31607500
1457434
2270004
25786160
27487973
32128103
32880384
33171840
6524226
477573
31597396
2547402
1655060
681409
581797
186969
15698614
22577850
25717468
12561056
22261908
2609001
13250641
32044869
2461612
1242713
1169984
4855451
2649330
203996
1169985
1194259
11228012
15882673
8818504
21182177
8818695
8818888
16645361
22568116
22568074
2938370
590893
1323985
2007748
4118276
3332547
447298
27447573
27292230
28475136
3670357
292744
21963702
22931116
31866635
3206654
3625459
864438
349458
13035
14747415
9811503
17919686
5134689
1179451
41227
208811
407763
30151810
1893981
21197315
56112
37803
666697
39783
926892
822778
306422
728760
41119
217313
3151066
2580555
1232914
1854663
5235137
7941780
98770
2212867
4066308
479884
239384
174091
195196
11014633
26334893
3772500
22999330
38372
746912
66294
11071463
9292749
11491735
579390
12663005
11035198
19852067
228015
1802160
60876
20155750
50578
22022581
7025924
236801
180855
31396728
768472
5198300
268462
30527606
21496179
5850977
9862271
9862802
413102
21075172
4842394
2180494
2833097
1305071
2495030
21569386
638889
1499165
246223
16678715
24732291
564393
723339
1860368
19636775
21689422
6892618
8771718
1747972
1850040
524501
1793590
11973947
172564
25385291
2438400
4288963
20797548
149646
32377002
562782
244437
24615296
4577392
19726161
17113364
25358908
10531718
18210373
21417820
26387294
249254
24126101
32447379
411215
245523
23174224
456580
1804034
4995497
27414137
3237914
666526
8017444
16974
78130
14355284
826868
15619327
420555
20913204
2675917
9485902
24723941
20797876
3351916
15017040
1636520
13740536
31508588
27414761
33273315
21682838
3480707
529568
14982946
360601
3100586
10836468
524466
8978968
2243546
638899
11415890
333219
168609
32183016
1427785
11197329
10447275
18476346
5719783
1449083
9908503
7309251
7714430
325806
