43793
149504
842887
828886
149505
149507
9690164
144542
149506
36688919
4485891
455416
149503
66771771
539848
34200063
149552
149510
643102
196908
492429
9910923
_Graphs
427983
520208
149513
10411177
520208
217383
289395
66771771
76844364
76844364
570836
538063
149508
537995
4495007
427983
149505
149510
828886
94789
61554750
217383
149512
302959
302857
539848
686360
538112
539834
168161
538041
455416
4485891
406094
71841118
435513
197026
217383
66771771
34200063
204799
511911
405901
405336
153944
511931
331413
406094
405303
64760
761146
289395
251356
71841118
49137927
71821531
80202180
687535
295049
83746
88819
251360
109028
131067
158893
175552
570271
254695
17944866
842780
177885
251363
257978
251358
278092
842780
251363
326395
17949912
335250
297915
251361
295234
35908862
158893
326396
51846
258300
263681
72597401
251362
251365
251359
92253729
76844364
251345
72597401
177885
248191
76544082
76542551
74323880
74326932
371977
196298
289719
47396
682306
115196
140116
28831852
173859
318697
