45188
68323
74868
103026
113063
144768
146190
149410
161466
161920
171579
182535
187094
189132
201682
217809
274441
276244
303225
481781
523308
575345
617161
641857
656549
680390
690581
728775
830674
841474
978583
986784
995412
1071729
1097171
1124876
1141212
1293956
1352184
1396687
1447948
1484075
1505002
1526047
1585014
1628549
1642005
1686995
1690426
1737030
1806895
1829554
1954298
2028654
2108753
2141499
2161170
2179042
2181840
2195968
2209577
2275674
2296040
2297387
2317534
2388771
2547333
2612871
2619178
2682080
2855854
2866181
2966155
3272059
3312415
3320766
3343344
3349666
3349793
3366612
3429112
3474739
3584619
3614277
3625883
3679162
3792870
3803393
3920371
3940119
3942585
4005469
4041897
4045887
4109695
4151173
4168345
4422633
4487310
4515744
4702063
4788937
4866843
4925261
5075597
5080718
5258390
5258400
5304390
5400745
5487919
5629629
5631878
5648532
5684089
5698001
5759036
5793191
5873366
5891073
5902602
5916425
5920553
5958420
5981023
6066544
6122241
6215041
6241857
6249390
6267907
6289976
6291634
6293718
6319895
6349604
6353777
6358085
6359811
6359878
6380912
6384818
6397229
6400873
6403652
6414447
6416658
6421503
6425871
6426082
6433446
6438706
6439184
6443663
6455528
6455530
6459897
6460326
6467227
6471770
6471819
6472835
6478748
6482749
6495060
6497877
6498784
6499262
6499577
6500495
6525848
6540571
6565517
6589783
6608109
6609444
6624068
6628031
6650742
6651136
6652536
6656321
6657001
6661034
6671059
6677605
6681980
6682734
6687320
6713049
6752148
6766323
6801045
6828043
6873604
6904065
6930938
6956868
6961367
7038050
7070880
7115127
7208576
7282220
7371477
7425748
7463473
7472670
7520581
7561655
7609470
7793074
7903844
8029441
8086124
8127213
8204702
8409809
8462809
8463037
8659534
8786034
8794412
8815776
9022160
9050056
9050094
9157884
9166059
9325901
9406115
9562855
9578882
9638834
9648667
9811652
9815083
9818223
9823473
9829220
9833597
9836873
9908824
9980601
10005371
10038674
10044710
10083282
10100075
10144543
10174961
10248525
10254948
10259175
10277330
10308437
10339074
10339125
10341370
10345280
10356177
10356477
10363268
10494258
10535370
10539030
10542903
10546415
10551496
10558904
10566187
10610449
10706735
10709586
10710208
10710338
10710535
10710936
10714015
10714591
10717574
10717698
10720717
10722830
10724498
10724751
10732842
10738910
10743909
10749234
10751724
10770264
10802760
10863986
10886091
10932069
10952367
11067461
11175502
11223760
11234201
11358963
11496920
11612892
11710975
11803892
11869973
11941268
11974467
12090857
12205945
12253876
12339141
12490114
12724159
12747691
12798746
13096561
13181425
13381867
13396166
13586460
13599039
13601775
13766084
13809137
14112388
14154455
14171727
14173421
14190910
14222939
14275642
14945475
14945657
14946524
14949629
14954547
14967157
14995754
15162116
15244888
15257340
15258756
15272551
15327954
15338904
15345666
15388281
15522145
15554049
15683145
15896488
15910264
15981068
16044789
16112744
16229024
16353479
16625617
16734726
16795625
16960083
17131391
17189271
17307965
18250114
18343502
18401381
18471478
18785809
18794961
18940051
19026587
19154735
19173030
19190757
19218953
19405361
19413510
19557955
19721975
19962486
19980992
20039907
20248264
20252501
20363396
20466890
20471536
20495031
20800562
20808259
20880178
20936974
21136458
21234883
21236166
21424406
21447466
21484380
21755557
21807718
21827482
21948861
21958635
22017202
22112821
22127123
22140020
22192709
22232625
22393924
22449423
22561148
22565761
22714936
22833299
22840610
22842338
23040988
23507025
23675027
23765721
24091998
24094982
24174434
24320331
24352189
24356253
24359162
24407409
24465713
24530737
24556996
24593394
24637446
24638741
24654972
24784873
24790184
25065721
25276342
25605925
25610217
25791493
25874532
25875630
25890028
25917366
25973543
26240411
26264261
26281061
26452765
26465648
26710839
26828312
26920232
27001659
27079282
27349028
27364904
27397182
27456663
27899612
27937486
27957716
28029999
28120283
28152990
28270566
28284906
28362610
28400059
29067664
29068031
29068258
29106237
29118438
29268532
29399328
29505919
29779661
29877918
30336550
30757605
30759556
30889474
31020383
31527404
31610822
31646104
32150039
32175578
32178272
32181175
32273990
32353785
32374180
32385370
32541246
32590718
32668801
32740764
33098246
33120818
33326814
