26299013
2709932
320723
4220666
297863
22875246
7449176
2721763
618826
17601227
17692418
1186130
1300660
21559540
9194012
12727268
32561908
17484203
13763415
14187730
2957793
1561982
66345
1617538
19951978
1498027
3310685
13800460
21697068
20864346
414196
4156044
26444620
2279732
4574933
6689814
1772514
25542094
32245260
4353360
26937167
3435113
22557764
22038601
3958959
2718286
11089696
19731341
5182160
654160
6659503
4086474
553957
24037032
30848919
27616149
8066595
31632800
885645
2677117
5497819
61166
203416
17742854
682757
7671983
23055777
25449034
4186102
6769742
19705257
20700758
1791158
12012356
3440224
13383930
2500990
19159577
13143616
1907410
17572887
12095595
12783227
4241766
5315600
3905518
11797381
97149
4944416
1497886
537224
149813
12724714
3632205
528673
16433680
560759
595782
6797144
9048
