13036932
2226346
2470688
7306960
518088
5690575
59216
7366743
690394
689567
32061279
8453387
1717247
11386003
17301603
3362346
14690320
29324891
2426607
26711184
17224059
11708972
5082487
14968287
6461767
9781514
3540713
345744
6253344
3663926
4397220
3644765
3186854
8260015
21886896
6659670
16364752
690673
14019585
14070481
261220
7646642
6384282
2276597
10030613
13065048
5763322
1984054
1312356
11661790
3093897
1802901
1480516
14302277
7468932
5753438
9569976
1141283
9522561
2055104
21050282
23401277
1348206
5569959
31740804
20365700
1639868
7122107
950487
8710564
758615
24709655
701743
10332471
5896609
6360729
1830414
977536
28238097
3555320
148764
799357
1685029
1296302
63740
600825
4289646
2712093
17572182
12283768
3219923
2009490
702672
2328964
24024541
15600641
10615511
6924576
2180655
2788291
7033
171528
7888463
14020168
10737512
6271602
3731100
31019133
18784978
9710180
13064892
2733741
32704622
6694064
29902380
4372652
10801405
23422854
15855441
3415050
7621269
7567545
27873600
2216320
15148827
15835946
706384
4944416
1895356
22765090
23639341
14474969
2516046
6856612
3214993
3055176
7255621
17104270
1717682
102592
3963618
2080890
5896417
855418
4437030
3446629
23577693
13699021
3118338
3686081
853452
22018357
2482182
152912
717996
16673737
4422775
21005770
4740285
2765248
15331153
27328186
3664807
25456017
22988482
21184116
8051254
24280091
24567922
26426972
26280898
827267
32981657
965919
19818172
4144999
20487423
211592
610445
302695
6518550
1860050
22988826
5440377
421453
1033994
22042521
5400713
4193750
14549292
1859900
1794603
1866751
958513
3072053
27260203
105257
1650727
1799490
673359
