8074254
9406115
2314357
18617829
27104580
2699333
31895366
2715569
6069073
5508778
16420793
3640158
12729454
3147620
4607555
18446476
16272923
2513256
26738490
3038085
1288952
199832
7565536
2494337
4393250
22255554
26830667
3362346
30155355
2228510
492462
699417
20692340
1809605
506923
2075214
2698215
32946588
12856699
665243
11959786
10152217
6005569
1887989
11200363
2923776
4623046
12734746
10529179
1560551
1705744
22373981
10074317
6672530
7799659
8862888
31980491
30302946
4233846
1352184
679952
9678893
43997
32025239
657587
15685470
142784
635015
5880084
28046714
7526995
15803883
3105469
2233200
643641
1530139
9793159
2697893
3792520
25147
14071949
5060016
6028346
6842533
309867
7644951
7370857
15057064
1318528
2409171
9198713
4943513
2821044
23199011
28119238
12051657
28529630
13932081
9786206
5578481
2581003
93781
23905017
2737937
56992
9335357
15056423
9109321
7867644
29053370
3545568
17643222
13445326
1247675
467628
1697270
1917062
22283500
22917516
2822438
14703765
568965
52711
1626787
18163507
6539928
12125128
3640247
1029996
943424
24513972
2705835
3182556
1728592
3545940
9230019
808598
14670479
1578535
923348
13159700
4585398
2879145
26737082
3676496
8794948
13037480
26769937
3986761
7646642
9582949
223632
5515925
2575056
13299311
5105097
1530466
8563357
7491382
4811872
986417
5745770
10166097
7746172
105022
7134863
2289856
2634901
2471026
2357607
27536606
8851049
13380596
2234586
13129374
2158323
31469681
6742040
6243841
2245304
2279069
5252118
771255
2396717
4562316
11193825
13550139
1875074
6277598
1999805
2170196
21221542
4791635
17340934
7164206
32297228
22293420
524787
11561313
6334405
4175187
1097306
5048065
3238608
763996
6826619
933669
30961436
17979281
2793312
5501965
9735024
20776506
6674561
26157715
11332528
2540633
1882935
1991570
925336
901158
5189048
22305615
19558412
3287845
13274856
8397013
865466
1592049
9158854
6173788
5331026
13036558
17698367
25853546
1377597
10088880
22812597
9967860
7104117
2684857
14967824
179164
582485
2214957
15924485
23975758
1887681
4392894
8619027
2868508
17371898
3716340
2742496
27341967
7946733
4510723
2418494
24774939
695909
28030522
13781715
319325
166959
18048893
23006902
13434230
12225238
27372721
12780480
25207611
38459
972677
15384768
4095942
3975888
26605341
6434391
1871543
3912725
5783175
635632
2460966
1954425
9895126
6300808
29575596
312892
26592733
25389397
1496774
1188014
11811148
92343
11045716
1553418
4032012
8462506
5786265
161519
