268009
2139113
7064952
31881134
6079276
6659605
3654561
1955266
3972238
3042865
2338857
3018435
225860
2599204
43115
23195143
22784429
1501842
5709158
450317
27195819
143695
948111
14955001
42621
14631041
1702945
887544
9313763
10737512
13344569
4758644
4707780
19100625
22462735
524210
6367150
12707889
2180539
14716396
13825249
20835853
6713737
14297182
23162126
2336733
1912218
1057389
21250614
12680719
1197211
27734368
179091
9136400
8953270
2870536
81804
9738093
886613
11173252
27357174
545995
965956
27376883
988720
32758585
2255460
4109099
30933064
152334
16046
2113531
9285447
506300
6365755
573096
4687557
621882
16209895
23732264
8622066
25709596
8444617
212541
31634050
63520
5515925
974074
4788386
920463
25495295
407074
27607286
2938473
4972368
18179020
30859150
2634901
26126297
10492657
676082
9529566
6179192
24955968
8489951
8553299
12515559
5668672
10290247
26563786
935134
3060482
5168094
11321282
13463719
15314789
1001614
25403981
24047078
300451
939956
14519633
12739314
15188852
896498
2702197
18416377
14729401
5060016
192199
11196380
8290729
12739705
552897
2398456
5831590
27332927
27257733
213735
14198581
1084540
24156858
10482
31575693
20881305
2089506
6948231
276395
14268249
2715569
3575581
9471397
4356378
11456960
1159682
29586611
102570
29018827
3682969
12729538
10115132
802346
432341
695709
2461815
18123098
2198226
706530
6381848
15897806
6393816
4584976
14004696
656668
7742440
1965385
24581624
2537331
2185989
25573805
17909439
6366919
19492570
6551099
473113
13143369
21868096
7489064
4598391
1866511
10682899
25399714
23177177
242036
1565557
1976247
7287371
24058637
20935787
2428007
3640561
679542
2762255
5576114
6083089
556559
12532780
6386853
536178
11645301
26996474
13087871
18421830
26578151
22470998
1052796
5861865
5896609
12874930
1969382
15147462
16012270
8829707
4210688
13448277
29558742
26394260
8252643
955563
1045589
16021420
1501490
7210555
17387152
1303154
574391
7955886
1316130
3485649
10498822
575118
83108
10301067
7600033
8866030
637961
1792053
4297041
32589986
25616016
18913612
3021403
15810694
28060886
5930113
7208484
1815806
6617452
11592336
57317
2499693
2853255
998422
4943184
4573096
2622273
15315310
6014105
982316
2127122
5196036
248478
2294908
33264010
2211734
12783217
4140236
1963627
3093393
30090391
21232130
25159872
25567662
3375138
2740737
2331462
32508730
2336985
7333191
8476621
15705081
26702214
6570731
161898
26017274
656583
630312
20437813
14923993
26299013
33192539
6873371
19218134
559279
13877303
5878871
2997353
3238608
1277180
14374743
1926657
1286408
1131104
11654445
6734187
660337
11968205
2804057
2658956
10198365
1412676
414308
21392602
4940123
27907519
32725060
2052947
1280546
1791585
13777873
717803
10961731
1401269
12099922
5344885
9206352
7528768
706507
3415085
336790
20542708
9532661
27122772
1096328
2228280
944682
2793244
4152968
2966155
15403986
20283683
27566183
3031311
167051
7385988
2037491
13077265
5949002
5494190
14240966
31881334
59720
5424679
187904
6947715
7689065
10088880
3020332
6357440
12643162
15316038
6584333
9034388
1792949
13486754
29436019
1666314
169245
564125
7686164
3333887
617517
7033
3107198
23798110
18987617
788959
5606675
1213122
17489975
5443788
3453205
2101536
18462424
15181651
1147878
658679
14422354
13277146
18535336
