508396
18462713
13356718
13399515
11193825
5748845
31418933
1313094
290803
4821375
5953557
15474349
3751752
6171799
5917141
32530223
14816838
12303441
13294710
18081471
1086831
8332782
2829718
2327992
2164625
6794428
13156975
6006019
2249907
1315300
846457
524482
2610605
6842533
4687345
20312576
2127122
3543147
1794489
23511933
4265673
20792410
5723540
8237887
1338438
998040
6327745
3193286
3807844
14474969
8075169
27419825
20266592
3962951
538304
4748840
16674587
1694406
31526246
23657988
2616917
2636651
11494260
31997184
15178889
606005
217724
25302819
20506971
19458085
17022332
5364353
2989029
30475603
4242222
2578755
20954347
434031
2100804
1509535
3797272
5339729
1800789
15806995
25373967
2302133
593580
632193
10254693
7057086
10448896
24209170
2194101
10110745
2291026
16760726
7402910
2247984
30050305
170671
4040741
11621475
2590543
17370965
964358
8643081
1556509
1751710
163461
1112066
778939
7859259
17093490
1223444
9157604
2869113
32944788
13612083
6336968
5753557
18723847
15688482
3451891
696094
3545880
12089889
31558366
1849081
22680837
617139
12747070
9663574
31886221
2045160
24011127
1316130
9631099
3464740
28525820
29777740
1388049
22953646
2237443
579069
4704923
15327700
6026195
3008319
1133589
31094336
11888759
25980562
12083303
772828
11897743
1794955
7709505
801822
4918628
2557184
23176072
28340862
25088243
9934633
32226127
2713565
28501860
24559331
897417
31181129
10370223
6831567
193611
704720
18302836
3677818
1633414
3645500
2860625
2271599
348350
19360419
6398138
12103353
12725309
28719442
3796804
14174730
168094
9293356
11414544
682290
20791776
21642269
3208775
4759174
22364499
361885
24809860
6288538
888285
12095595
24033687
495806
13544410
6245099
5516235
3845684
594667
3563829
654033
10198365
10268884
10530059
1574984
17177545
32681615
1991570
24955968
661725
5369874
2818957
4695024
2652003
15057540
23047935
22475827
15366692
1363034
3120034
9120304
5877866
33288810
3118216
7650367
812769
6333422
3418255
24677780
27232120
31559406
633315
1713061
9840748
1595080
7699626
1300660
1330326
1553356
1947595
9351661
19398229
18835840
65173
12943274
144218
1280864
1562909
24450369
2133252
3599248
2533466
22713435
5915811
2175594
7809343
22500008
21987465
3692645
3132010
10939892
2294908
18241007
23281277
835636
9027447
6337252
9385666
2542915
712410
9761103
1773465
7827226
13037480
25185373
15670148
31884728
28182198
29162048
15033542
3021490
2255575
1902288
9509786
301344
3680009
4548733
23190146
20949091
3024814
25108286
10408143
30200495
9351462
182532
3612234
2456255
2578465
9934308
6014663
31192807
2637745
14513907
2395003
13451206
731726
4808679
6842424
2256595
25874532
1683504
17592048
19623084
14909500
5857159
5791600
20488975
9581138
5818457
11767009
148828
12433623
16720323
28052628
27443638
9504061
8394133
9571247
503164
27950416
310022
27225239
26272521
7429077
2337458
5969069
25296032
28261613
13299311
2508196
299717
2234712
25847448
25460599
21111
8791535
5292797
10597610
10498822
89669
23157833
880023
4124707
12501771
1498982
1113247
8018918
3690385
423018
3093620
3783920
25212834
12533352
9438659
27834152
3975205
4849048
1459080
11434923
2621008
16285934
18021399
2208582
27081427
2336985
885645
5910885
2648669
8862286
8091844
2742496
27880299
18462881
22752645
6406107
313503
25039365
18414558
327939
16891124
18879026
948843
23422298
7044427
22494115
14219589
2478519
26266698
4084069
11332563
1986104
22697339
2548810
1796963
25115631
28980721
23177177
9663278
1761979
2602132
5878776
21941385
28771043
28132187
24967313
1820740
12636707
14486695
12432697
15531768
1866195
2305333
265934
21473484
10307594
8478694
2023478
32044925
24442055
4588221
11460553
33014399
2637621
13853290
26331538
16317259
521313
865466
161436
10482
13301881
3407733
10046591
30098464
5988548
4459535
1084663
32825179
2698384
24220563
24047078
31469681
25256348
28092614
21501511
1453293
11877536
6820322
2955815
3121107
7511071
7369419
6254967
11363393
17919739
8953270
26309857
6090091
752960
13062851
32904174
589925
3317624
6430850
689499
26550998
8839673
751765
1698262
73695
13945942
250956
1472136
12671690
13495573
17020733
1629501
618770
25999801
1753710
