1176054
12115190
393821
6304971
21414772
2522968
146167
6149955
13129374
1009768
473760
7377050
10166097
31252450
1439004
4792000
6354985
4451671
17909191
28067358
707106
1560656
32031800
2474483
1495782
761271
15448445
13973210
689499
938817
2187916
1901912
10986786
2585051
187098
5494190
23427984
5105636
737199
1329337
225497
9523513
3940428
9210417
26044951
6816354
1680910
21270763
7275794
11187761
27790570
6702097
655451
14230494
1823032
343441
22291126
3316942
1904941
1728807
5715320
24985971
9218203
13002228
9042885
26471722
332719
1387871
1772655
104940
30675981
1847014
507789
2946484
5928762
32693731
1947102
193843
367968
17326784
23873549
1496880
556208
29779454
579614
2277201
3911729
7207794
1796057
9710897
27195819
26331538
6816083
2401787
19322924
4342393
6901296
1405040
19594134
9762166
5766502
179320
5126914
14902488
5815801
1557926
13498620
6149881
7371464
13455301
7110975
704793
18383555
2097788
593580
1972218
30241782
20562814
1165709
2208208
7288878
27341967
907187
21958513
7400086
7183588
16329554
3380669
11131966
6918811
705743
14121902
993648
26228232
6588983
16815283
63520
576437
30312943
28228353
11476385
30110136
7122107
644754
9682954
6169025
27360590
3333722
1846077
31543052
18306267
1526250
4634230
6734833
657587
3968606
12738453
6646961
27594931
3725528
758619
22631054
261405
6389455
8029091
1789724
4849887
4359601
10142994
12212599
100936
726025
206714
2911627
13715709
28238097
8358393
31242544
30636401
1195302
1653786
3265244
12724924
4903757
28046714
9876148
10345205
2372260
717756
13706579
2902321
4998392
17225992
18162973
1559437
2020093
173129
1527882
7870775
6770734
5930113
23413849
25400050
1741865
42238
17051878
24112173
959275
3190849
6879421
31441336
12795767
2410984
534429
8246018
18601867
32780654
5576114
8648971
25185373
29030478
690539
19318
53736
1676102
31072573
27498530
18294287
14068048
1856733
654794
9413143
2372060
11200159
1930151
4603587
9125294
26932405
956019
12993836
2618759
13965106
6946021
1093948
2099789
5215025
21633111
448832
7598894
1692186
9771965
2565061
7989761
12759965
179105
9736086
6768445
17238821
29757096
18541890
31047379
2476862
10977091
22307700
22465096
20604623
1773299
30018743
1002302
32274114
5931272
18096798
31058126
15336537
21150833
1307420
1093262
10034473
20764253
10423181
13155638
3037416
21207432
2144249
1203461
4608634
8777075
986368
6924576
1694210
3746658
4561209
20913302
473113
626897
10537613
1523918
1747254
2032223
1364002
21320387
61354
1501206
14612590
27617505
29018827
22973089
29491
25334020
9881684
31175946
5614371
25779320
8856955
465668
10689743
18747395
21868959
1871543
31582269
7511071
12601986
528355
2491189
6640649
383988
8924928
654713
376223
1303125
3752991
3731273
10398220
15792249
22267023
2170780
618543
11897743
27739247
5276150
607618
31268299
260996
2523340
9629417
9359460
953920
1164499
16768
16117485
921195
11165077
6802633
3258429
18776542
2204976
17000381
690793
2411940
3101067
3317009
2704463
2001538
10851021
7251239
6899772
33197812
242782
22050373
2516099
1273360
17727872
11883859
20188783
6164037
2255460
2564960
6200536
29569122
3901827
26545583
8459850
6851451
1612986
5417943
5507254
5123569
9479649
21392602
2988177
3921286
1589655
16329363
2307768
5262054
6501894
3214993
22231011
694991
4344018
159277
1683375
144171
724936
15366770
32953545
26972039
12139491
6073727
24182978
23409032
1801323
7909434
4996768
2020240
12586193
1353597
31419828
33250824
1578578
4059402
4010
4609638
1157014
719985
4873223
953021
243685
13294366
17239897
27925997
2494356
1290476
750555
5494041
21183969
2994701
21542618
3631803
2770280
2172078
8583636
26021065
1951238
690450
13029789
1767449
31010112
24367929
4377514
19007989
7047656
49650
2508196
2096542
2008068
18412778
1799052
654902
22796580
10707974
27757766
169602
24973039
3818124
13207441
4210360
13356208
10634262
6360729
2090899
9446488
23755440
30100899
3423969
8611241
1675666
5626509
25089889
3828921
2516985
686041
7621269
6382986
18423448
18577674
5745770
7326258
2024666
1502866
28690691
5304886
4145231
18558488
32083998
23770660
13406070
22134879
14637734
6921811
296847
1079482
6836102
1782793
1868387
9532661
16384
31045509
366257
6166702
25243783
8643426
13771491
7461333
1683911
13344007
4424155
1887989
2394355
7745187
14207190
23035755
31952201
10446298
4903716
29460974
680512
19030803
1380189
25296371
20855517
20906404
27882186
24137663
2504073
4232411
14627342
26225311
2697893
28964983
8491772
11560076
6805930
13608475
12768179
33024933
12914270
439260
10183252
2198410
11050578
2011169
3404736
21308883
5428999
10486714
1151359
7706857
14038242
25860097
4070719
754653
13021459
4378283
31585555
484668
8461675
24354273
32671989
8017239
1097306
7333281
19778149
623662
432147
7273182
1509535
7265124
26465236
2153476
29198814
2496761
435707
2980522
2411751
3982129
7583200
3611747
15081201
14646985
3237627
1023073
2233398
15240263
10046843
15715722
1954425
21504
7096213
19909908
