6741146
18462488
1711169
31938609
26920577
19786277
23289911
4480462
17383890
4136365
7568621
13598015
31161384
686076
3499662
1068526
3722526
2490740
9074945
1555356
8354728
31507186
7856827
6563807
15434049
21246612
473291
19045330
723492
993648
712410
4240438
17489975
381312
3036018
2323128
6674561
6507295
3193135
25159872
14656543
19275179
7427693
467628
4063486
9722338
19379490
678304
10542446
317856
3545779
23122167
3221548
15802669
22818604
21562819
8180011
2496761
25877921
24372720
4311285
26355189
31251381
9154081
26010730
1106778
64673
2284489
240942
32780482
3663926
7155655
745082
32041182
14862556
14144478
17947036
33205205
9996566
16197448
1916650
16053362
1084971
154002
9537101
7465631
2312196
11414681
6146972
17948123
1090635
17970650
2820925
1793608
1611760
13075285
7769862
6230059
2700571
4344411
706835
18560689
1849932
31605701
27705096
1823553
1652751
5869204
481807
8470381
15201990
959305
6165332
24480396
3251885
3678058
762748
4909055
32868706
25123534
931320
8625763
3491956
263495
1535704
14987984
2221065
13523214
768141
14039206
26021065
170459
5697312
7600033
12824675
13281990
2072782
1083009
22649916
8616597
16360400
1401905
12926061
3360858
32334975
19754556
172135
3693169
4391769
12716986
23652555
350807
528748
5959482
5576794
28238097
654911
6713010
1762667
13697669
28501860
14935122
6492176
16515940
1670446
5953432
15327700
7661149
3654071
4647841
261035
14665767
1385027
36909
774609
29460601
12729538
170146
15553487
15640871
5402917
1867949
1876636
32758585
16959527
265415
113137
38459
13633508
5487919
15195351
14874350
26388856
14145911
2336985
1789131
8669551
2536723
876916
24951049
4884980
25754986
430546
16339823
3213440
1583520
28773429
23440393
2602132
2141109
2422821
4424155
4100952
1005735
11508246
14663610
7602604
22777001
28081811
9555764
5163279
12783227
18294426
891226
15717537
755916
17490638
419039
32038580
27606952
16108658
3858153
1327059
28060693
30006815
3872761
1227349
5826451
1392249
25845678
12779539
11006069
29012475
15033542
11716041
638470
28778217
3261340
2123473
3884628
1831978
21827482
8033107
17340369
13522446
17372470
1344933
2219210
835672
609663
5332775
8876287
1482521
27439702
7267565
31086911
21264418
2537331
27925997
21428154
24300531
5089948
3797425
2928442
4584976
19220187
4326187
27541360
19100625
1955346
706960
56992
8325051
12708532
31647077
12681932
3764919
2911754
997580
14314079
1471973
1204490
593854
3027324
13611923
2851860
2363331
7753471
28741729
3055784
1694406
741810
18703742
30471796
7775438
2150128
24691188
9879898
31098771
31732727
1984607
564099
23922984
20482535
14092484
15911023
23528883
2672293
8940
336790
2845485
5695158
6948231
524904
19627491
2732515
20762453
1868815
212607
2706728
21005682
6133832
3632577
804587
8246018
730179
9459724
5002778
9648405
19253313
14914168
31093853
6333606
1573233
1681517
8402285
6659373
777165
14600378
9530192
4236450
23280173
13462337
6082864
2246377
532149
9690444
6715477
355014
25750943
20318535
17888505
429949
704103
1133589
9599959
13888043
6823334
445332
19514767
408481
8520305
4233478
400738
10407897
25200912
8237887
22136652
29556245
208580
13825644
14616428
1041577
13572061
2258625
13768033
14559725
13372513
17304078
7397524
869952
8997095
31380981
343858
2888664
10333041
994409
6565892
4903695
391851
6055959
4028667
19428829
8713403
20631536
31855904
16183685
345768
2500923
89662
20667697
12529705
3667512
12715810
7816904
11392088
32786488
1958958
467401
31023112
1389914
4546076
2408087
1549374
5879075
517195
13205639
10862310
13290263
25896674
3794436
2039940
9783057
5508778
1392271
3063564
3984444
3724157
29569047
1531980
1765497
26180170
22259863
2684662
1632553
4760896
943424
18912308
876141
754642
8525502
10944164
12139491
4651681
24172541
6920722
665243
6922761
39047
8260429
24926532
9313305
11744947
1979004
10297660
28224767
29796734
1572838
595901
28660199
418113
900746
14201495
4463077
2198226
3785350
2296618
8133798
2211750
22805655
4267804
18080551
579069
20647767
2983000
2338166
6168234
21833677
1646477
31825211
2916955
33312659
9413143
496767
5676711
1526958
2084445
13547454
2562749
25141827
778939
31338003
32967115
17397208
7173094
17370338
3316603
9353313
31082020
1186130
33037364
438927
3556451
254518
1313094
579614
935225
26940
363002
1066136
343554
13062061
3682868
3448168
10115822
4315948
2782140
3649108
11386525
32715987
23162126
5730135
1864891
1462441
470170
2680280
10890702
6687320
3598495
163271
268009
6585044
26452320
4250220
2955815
167805
12432697
695279
1819807
24950760
25132734
5625184
21762916
543892
21741312
106000
4342732
10021988
15812393
25307794
4457883
3848697
53242
6932959
10531315
5896609
27882186
725940
453339
5514506
14709
5608159
2163531
23356262
25444892
14660688
25647646
1131491
4702041
2482182
6484615
10211447
509997
2915410
592647
23809885
26394260
2496016
412879
255742
23768634
1135197
32417376
1868387
2211636
4237744
4175936
24921
6202864
8839673
7709506
12098649
32248055
1557054
18466190
3323002
4198722
7700570
7166871
1920326
11087472
21552921
9960326
8604385
1044552
2244983
13073501
22803319
4747900
37891
28287518
31656967
19874282
7646578
26188975
1792949
637091
10161284
19227024
6742412
4963564
24024541
29914243
4467142
5070200
5018983
17371360
6908984
14174376
1078352
7236943
2673380
477608
32466714
23916
27999718
4300069
2899342
8382387
991709
5994128
4380357
7444493
26309857
1541943
9022489
2641935
3056868
9805928
20735284
5645309
21260255
5689966
5110815
2180539
3024081
9373381
5776399
2182739
100936
5948929
2356934
2331451
22997994
2268953
10936910
13866148
2723272
2165064
696077
4166577
2265670
17682840
1741221
5639717
191104
9582949
685608
9980489
13928657
22460186
5576167
2365855
13945942
1020256
3337913
12683550
1518312
14712053
142540
