8690155
28745207
14928786
17079191
5686407
21038010
643639
23456207
2712093
9434379
2262102
3233067
274386
32269922
10478161
29050025
13153041
4216058
25148247
21344368
12303441
5953845
3773365
167144
6659503
1132029
356985
2378360
12364386
715220
6010116
8410643
21168507
3376072
385800
3373558
4337837
21172735
728473
26744450
22148868
5050752
3924718
3692830
5569959
2167421
1796361
2378731
11560076
556559
651532
21023221
4322288
5818440
536880
9459038
2620563
26563786
19623084
1265591
6555534
276088
5496989
586384
32704622
1557054
3968080
3434494
8609302
1632553
21961631
3473717
9985018
8835043
2301966
21904534
2778072
952690
3563829
20661661
13380596
1794603
4808226
620839
100840
23670291
15906693
21124228
8523676
12687198
17963516
2693399
190414
512042
9485615
44748
268009
582485
630312
1832382
16786731
2564960
6986860
31632376
10269605
17735750
2003417
1247413
11426523
3364543
2446051
2094505
7743017
24480396
30021042
9003913
24163173
472263
12425733
1699011
8693464
14616684
9353313
1647644
2704483
1847160
10771032
6755581
3065743
1587860
2793946
12440785
149784
9408572
13730915
7033
5347369
27238813
27387860
19579302
21291344
520453
32306393
2715569
17171282
1226894
3701726
973172
31645802
10069480
9599959
3256366
5605265
5603766
7367847
18041205
2216320
3793726
16025172
27073221
14511440
1036650
754280
1741221
30931813
3066656
6029765
2338784
13179677
921332
22474133
17129070
5215025
22649916
6167381
33206296
17131795
16737385
15625794
15366634
293359
3316507
269645
7643716
20067270
20001840
9175965
4663643
921970
4450053
7198319
16065332
18150591
9259477
2949901
871448
8476621
450317
24545784
2320045
30593826
4510406
663197
18748972
2055104
21346364
1766803
1671212
934314
2262283
5910885
7193387
4728173
23235308
159269
24880036
12225238
23490703
6578955
5350055
2336147
7769862
27533821
10870134
31810611
16329489
22293420
2802704
1137989
691771
2290483
18307757
762651
25739421
81804
1224951
3630069
9505584
26273208
3323002
21905877
2772713
18558938
4749058
5805852
2630634
33288810
168263
14935122
1414619
15325636
14455821
15115584
1200093
14962049
25126353
4120009
15127800
31065592
7339445
6672530
23132201
7598851
21021032
32041182
8266757
1615104
25754632
1462780
5742570
5723725
10231980
13879888
1484075
2864112
13473463
32760799
8073560
2217692
10428658
365356
28027048
1981874
733802
17521867
31350781
859656
1741865
8719602
22284022
5171866
421109
83108
516821
24965328
1545080
9870616
1790807
24895068
2243203
845266
2630461
20999973
2827440
5379742
2624570
20833
2216168
2149578
2091605
13965106
3113624
10545516
7882361
13720744
8663557
1565425
2303959
13756335
12914077
27717
19558412
14729201
2719602
14072720
17546054
15320147
8643426
31498519
2367454
8739056
8039281
3801593
305500
2802862
17618476
31822043
7102450
3553000
24647186
5652869
22704125
5673322
10935351
22749579
12724795
65032
4722289
8536332
22610510
31336237
4238215
1530466
15051595
2986972
18399239
10130159
1466722
26363500
16025389
530365
18135928
29375925
8146815
5883963
533860
13120221
408481
10615511
4254148
13957788
7213477
520824
8404314
2589652
1352184
6502484
19832767
29779454
7565113
2255231
28159314
22713435
29550596
15521528
3107198
6949502
1567459
23048579
1011622
20258382
3443479
9089570
61166
1277712
5176098
1347957
1193334
2456159
480437
29874398
5877866
31192807
9979482
11205722
599593
25668199
11574425
12139491
105315
22307700
1168902
24145216
2253264
65040
1713061
4383802
11864800
32579798
10860372
23988570
1674777
8472560
5831501
1226104
2020134
10346754
33040517
25046113
2692224
14845388
28287518
23098630
19492592
242839
4525674
3837727
15105076
60328
2476555
88604
557496
19283658
2600885
26355189
32978481
2388819
26866885
2100804
1041206
31023069
8244416
315567
2431761
18786724
6270147
7609775
7461545
11796910
27125181
7644951
885645
30889440
6239975
915085
3254989
8056432
921466
2710807
5965537
27690542
25801993
4748840
15057540
26444620
12751840
13159169
674604
10464705
3863729
1850701
12654417
27114673
25947343
4109695
2630533
3544971
8069897
2572671
1973603
3590120
30175672
13479034
1873388
28754528
3261138
27199827
29542302
13681623
1416203
1815806
5632615
14849732
21189337
2101532
1148963
423807
204467
11828603
11434923
21990456
20525726
877706
2609204
1812794
3310330
3233203
6774822
10258309
26518843
6115066
453439
2455932
8710626
15329914
1608107
25897631
2322823
1676102
6434391
27677222
1021227
5781419
32671989
556523
3264738
300361
29828782
31093720
326691
8574036
8779476
1243649
1147878
16844183
1313290
17605963
10701235
16827
13757431
22038601
3737500
7448542
14277724
16784696
26135510
1793099
26157715
9406115
19066685
9074280
502659
8287626
10492657
1990980
169602
7178820
2411577
7800312
4077986
1260945
6954265
31433033
24741258
594667
4057222
8847709
3382632
3946904
26145682
2082589
14933005
2067632
2115307
9313305
1470908
4437030
2381165
23008456
2009832
13399515
5510246
2518098
4265673
22990904
17491581
225502
438904
1666335
27547069
24722292
17370338
12667346
7436500
33138040
6204208
3982129
6836852
12048291
14833801
20072992
27850612
25183832
9078629
685924
9695333
12605656
8896780
1025220
24393588
24328437
21107384
1296302
10837128
2981450
4596752
10881298
4585719
24059528
10529457
21727172
2185901
187081
64673
21299585
9136400
16655167
3222442
14119542
26091326
17174724
1457698
3942393
31939403
3441464
3422562
21558590
876916
12213886
17561694
4340447
3120138
420922
2236824
6013135
4672963
18591403
25831844
1668783
12944747
8924928
3548453
2106026
9579141
20395872
719433
11238974
543408
206714
8408938
690394
14729401
89648
1776754
3584986
24148768
27863671
24780173
4687345
2163531
608982
30161861
10603995
15278851
1223982
6029392
239793
8453387
16677690
277693
741240
1085042
20246045
27503372
1898837
26535296
1088480
9874600
11200363
28470482
6586707
29270970
1562313
1007003
2144629
6944155
3303681
582584
32065339
17247093
17273936
847111
8532311
2439584
3263983
2546419
7396972
31659287
6613817
2599451
3074995
2482722
12025926
8240734
3796804
20906404
33012068
4242222
3183223
9517139
26237930
3640817
9957094
13847876
20735605
1963317
22739924
20950698
12029551
4994104
21406158
19778949
1221476
24752923
2063909
27984887
1382462
3644713
5668488
2497114
22378433
18220755
3028029
12305519
3949647
27775587
1284676
235473
2563560
852566
1307550
10587340
15205995
15821
3816103
30022524
1783199
938841
29648939
23577762
6010189
20096416
14282280
4563692
31798672
579712
9581138
4586187
24554263
4096014
7745187
3055784
2396717
25760426
28128203
9495366
916180
361020
29959313
706347
689567
13493094
14615169
2403753
5886467
5949370
9652631
692797
23768634
1618899
