1064920
32334975
4824127
10110466
9287211
13920702
21021032
2238468
22288838
869611
415956
22819574
8631310
21047622
1762019
27493529
4348344
5632545
1078887
1347825
27257324
3361883
5430688
30092432
14591521
20002701
644749
8210667
9244113
14384859
21648459
5730659
6124354
4309229
1115791
3190997
16519971
33012217
23122782
4427221
12601986
1806895
16521905
10918765
5793606
16329517
14398658
33286508
2328984
218377
2870416
6655797
159855
18624840
3096695
667823
17457512
18549165
1084395
7726501
24467169
28964417
19537063
8049075
5496989
8819481
11496394
1387645
2785175
23047935
3717727
1992408
1357354
4640584
10874901
5763322
12040721
3248852
530365
6264072
691771
417943
31045509
1411554
7573062
9710700
31519095
4869725
2339725
2324188
2121780
14270091
2188767
830674
2300510
1553027
3201113
26566958
5944436
23440679
1735480
17763877
1980233
5589298
6639844
3541390
5740882
4397220
5796621
9034388
27370502
29170764
14348504
25001117
651058
750337
23032822
14566588
1380601
8272084
63740
19444288
1056595
29918016
21366109
23433369
26285217
18463286
656284
11279327
661872
23935526
10501990
2777216
26623175
2752208
1035199
14943025
1761843
2219711
1957845
5409122
997953
6474287
3055336
7579863
13013219
6584438
2342824
4144999
2400951
7027413
17371528
17230458
4507822
19570860
6457921
6072028
718001
2331477
18421610
791662
4076320
598493
363892
1471350
5214312
13112611
10746171
695557
483360
1920691
6365395
15472293
113446
6306046
704565
16963016
2808252
785602
4858893
3598269
5683211
4586096
26262319
29841977
5417943
14904723
14223836
2336691
805401
23979341
4392812
13932081
1222707
32994256
3840767
7769667
13012770
30931813
3950917
4232411
29952619
2727369
7742440
12999770
17385935
418918
10967543
8222713
16012270
16735987
4417369
25790724
14902488
1377544
6873458
9138120
24740505
1788395
644794
5347369
355825
2530077
4114271
20936540
15295380
5148704
13374731
3084279
25276566
2072133
20540615
31759174
1802901
31881134
27748981
2463212
9803240
5027005
1702506
14590835
3317052
29625422
8472560
5952894
1887989
4407729
31525370
3569588
1221476
1192882
1807741
1519424
8524343
159727
18798597
12725386
2718699
8735863
25974613
2532869
610572
205707
6029765
26031505
2698215
1405040
923252
9475878
1731768
1827710
4774181
26890684
4997215
25294935
5176755
692090
448947
13616294
15845226
1740913
17369578
14098906
20492093
26068854
21308883
5519892
3438073
929640
28004858
4249781
5901689
7285702
8643352
8043769
20542799
11238974
24916527
4016644
7877679
341960
12093938
4943838
7479926
20824973
276221
23815045
11878284
24511001
6381551
2871279
938841
12671690
26004877
3001540
10455027
6801001
2289856
26278818
7213958
1481642
753399
17009645
6709256
579609
5930113
1582798
7366743
7032361
2262102
318233
9021303
2400386
1266150
834964
30401319
5710265
3206982
18619577
18533585
1211928
4845423
23830110
694399
3574805
24189535
2732696
7661012
28741729
2197498
3443238
11741327
3709173
13631475
368204
8565821
22376859
1999425
8774
2325223
9795598
8063155
1482521
1011486
13601942
3748938
26307838
29492237
7738278
2197437
11480238
27611667
2820830
343327
12451853
6945873
8644893
365365
864375
15068708
3427802
23880664
6388403
1825773
13398928
5154303
21105366
9545765
7198319
3008793
9582849
22582772
11828603
13064592
6385492
9077023
2101536
4193750
12011448
1586807
24677659
8061238
934995
1282197
23805059
29524621
61404
12734450
22740067
5375027
11394851
23275823
17988142
21278466
3600087
6156231
6557903
13383930
7456734
22042060
17343122
526538
23018243
24072585
5949370
44359
1399987
5742570
7364279
13841744
30932666
22215730
1789724
860047
762651
180971
3292657
31069201
2956767
1560405
8758058
3120334
6217949
1972218
11217925
4602783
3571322
22076504
28900602
31666232
62123
3814037
673359
4343933
460446
84934
13120221
436843
15322343
23093046
5268073
1773465
19566494
527018
1061497
2634901
32734768
32061279
28367202
3454387
2313509
5566597
3997737
8239508
1369252
3633082
14231658
9118
27032822
168576
704397
23401277
2383637
87576
22422382
2639293
16762266
6831567
12676865
1339248
31784548
5747070
13466125
23652555
18757770
22185551
2818856
145645
947337
