10446298
20533793
102637
25136877
31126488
2706041
7490482
7947607
2133638
746812
25853546
7540853
14994245
13992169
12914077
2287914
30980467
1690687
23944336
9329375
2197666
3265958
16100599
3456755
3265244
184482
29779454
31853025
7337299
6268388
32546865
11330184
1156615
19810315
637899
655137
25126353
4059302
54306
163032
23177324
5754043
9636145
8927248
20904321
10735279
16672182
6709332
21562819
19208728
2344844
28304005
22909956
327664
17969042
4009435
3029268
14576380
7809343
2304115
18916103
23858330
756494
24011127
1944397
8662841
3677700
657825
21819646
22091588
19428829
68308
1300660
23230541
1997934
2005574
2065921
17094004
18095480
13598498
9373381
889163
2303214
2233294
32395682
414565
17047354
32467117
2468432
7402993
7517
990770
3240440
14239799
1088740
4906676
6493571
24581624
24552381
810967
23969132
22039328
15002235
12862526
10314990
10205999
576586
2154829
8120669
1547579
1329630
1468643
871751
8990101
80903
17859396
2254984
707638
14339054
10870800
17909306
163146
4710989
6826619
26348085
27492031
27837509
2067512
20232343
6812078
28827387
2323146
6738276
1785345
3501052
4711974
28689242
385525
4619740
23422473
12753722
10584530
371853
3424298
32968211
4963564
32622284
308934
15553641
23789813
1013134
12013807
4687009
1033313
25243783
3695938
1791649
21970679
6403734
20896764
26279836
22778442
348115
5216583
1713217
6820862
2801883
23507025
2325223
4934459
11091855
511348
7402885
1539454
27498530
716155
512042
27275502
24409437
15325636
3414979
1815806
1650635
16878941
9624465
2933367
13036932
512125
1298761
189182
24914067
2007580
25253261
4220699
13498819
12160084
15758844
4811872
11797381
3388983
27197944
524904
3338740
12804394
1353497
1426309
8493766
1896433
606902
1696300
30849307
18421544
19584118
8758234
1882672
1164336
2336067
3267419
1245489
12133348
18558827
30337105
2471870
6660017
2253321
11863952
4899290
10652423
1503083
26452320
27225239
19723280
23051474
2614246
84345
12784203
6726523
2153319
12926319
2827254
27979677
371868
225483
27138158
32987265
342375
788959
741810
13729867
8769343
24538502
255937
625961
5306925
8456294
3406686
1086615
4698648
14703765
3197717
4699930
8141737
11894237
455308
704718
2580839
16931878
9890527
7300095
1950795
331355
6229802
10994687
7558407
2641935
24570871
11330354
825970
5608159
487473
5113488
13142287
9602142
6079150
8675416
17957750
8394133
3457780
3677818
28735868
88923
8394551
9807626
10472747
15316038
5506317
5094273
1818228
9566547
26936127
