5726146
23272030
26183016
14464271
4563692
13061280
1045799
25691412
10370428
22312967
13633887
14729358
67030
2067279
1155483
28821177
170515
309562
2356117
12838264
31594643
10870311
3991193
8682066
2401345
13152865
28443278
7877232
29339661
9804932
8613003
2504593
4561209
1893368
1699660
7440175
1567641
27337
4344018
24172541
30318668
186620
7155655
5898540
21333807
13800460
8047173
30723672
27708207
3065459
2423457
7661149
1582246
22139767
13298258
29443029
14125837
8490692
3828921
15318274
100840
2746756
178250
9784779
6306981
22767474
1412555
2425026
3024814
2295317
32226534
24158614
9220955
13503920
1790807
13598015
13104006
2434919
45188
12783217
9532661
533860
1484048
4635621
1748624
5059965
4551615
179320
5458518
32268501
8641752
6045765
7300193
869611
13048180
161519
9974776
1778716
4147867
7857926
2303476
17242837
27503372
972216
1741221
13767406
871709
4777171
19989467
5577119
8486913
15614489
1954425
32977700
17383739
827771
10950839
189930
526477
27719089
7456734
1576075
31897075
12836262
651058
4604565
2109485
22857318
3256366
14437954
2099789
22050373
17198338
12879196
969444
32434834
8466585
13311708
13451206
23410577
2614246
2533795
24292816
3485211
18937082
2532648
25805990
12634282
10046993
7728404
7429077
7488407
596847
1720079
424778
7095769
13927653
2374761
1612986
1728592
28348001
1273505
10584845
399280
11196004
7290743
1327068
2257592
22264670
874128
4207256
17969042
18796303
17572887
171054
8046227
2448669
953070
28386710
9519247
29642627
508717
33330561
7491382
29052090
2609814
276088
5513770
23440679
8442223
2336493
9329140
188899
9997178
4395626
2109172
656544
31869425
15192958
822989
