18983673
7888463
18025516
1487777
19218134
26690818
10030613
1228500
746017
29959787
1680363
21037528
15002235
2737937
19716173
7425554
1510247
684769
1344969
7539032
3323002
25853546
7460593
27607286
29782158
4358847
14174467
17870819
17372326
1599816
10935700
12202938
18135928
22563958
2050060
2201315
15315944
32944788
6801484
20275507
32151593
3662317
53736
2416898
879003
12884030
25752716
68065
1206518
4963564
1831593
27746173
2596590
25307794
3087126
2068856
28246751
16087280
2808427
17909355
695949
518700
15122032
30975625
1762961
14485150
6963729
8442128
925561
5763015
6423645
2307377
3129593
19903
29569047
23873696
10289737
706085
6831567
1360025
8958368
1277870
3472678
12913052
24195457
17903580
9470836
10526408
5994297
5972036
4330581
4969976
855009
2703147
9520933
6009115
1773600
3988872
3155757
6830869
