3600569
3741204
430546
1008007
20845677
7312250
4288525
4435125
17780945
336959
10642937
1047002
1769827
2851716
716178
5757379
2051849
24072585
21347476
1335475
7285702
22754177
163146
3333722
343560
1722041
856848
12514509
13888043
926386
2732821
18066645
1527313
1533605
11279327
7198303
2493701
3043666
10438314
26458785
18622157
4937227
2627769
9932975
13883934
210359
9934633
13064413
2804394
2002962
13153041
983771
6809322
6584333
2146432
4016586
29175024
8631454
23410577
675218
12727268
5633804
7426453
21005770
2138085
6755742
9782916
356640
1362874
887152
9967860
6592768
10658304
1859193
15675597
4268314
14805664
7646642
29215867
1923877
19928183
16272209
1243567
2727449
1083880
151603
2151775
13800820
16897004
2395833
24145216
2985351
5657565
9997178
641844
792295
31238989
1683375
13013324
25845678
652931
46165
1428928
555690
2869113
12813353
30387391
15233760
13908205
14690074
19492575
11846650
3792182
6350234
897417
3231581
6132226
31685361
3968606
316276
4359350
3526357
31632800
965610
2218071
13503834
1942536
1171145
7488407
14903831
10289794
6462977
950234
3630190
7905116
1117118
2418473
2928120
1342693
4445256
6067918
25218532
2336319
12734300
1036771
7208484
142864
6249183
15029747
4431231
5760050
1174350
491124
769212
2003883
12978329
25198596
12638397
4584976
18475417
15260587
4490319
8458566
5424679
4213489
2513919
2511878
869862
5861865
3344431
1020882
19783201
6575660
16959527
5765766
7432782
6332981
17273161
1386346
2983718
983010
5065894
142698
15417564
1428805
21927307
7465318
221723
2525728
4788180
14825107
7232845
7941955
3163455
767577
5290462
33007461
2356117
3316323
2862853
2918308
25764054
2313509
9605085
9133116
13547454
1997592
11601206
1584240
2742496
8428805
13490182
25708364
29389484
5132645
27705140
30510079
6754248
5690462
9301218
33138040
1518312
171022
3122598
654800
5903615
5084521
22474133
17134769
6461844
13445895
13781715
9486536
24279782
4236434
3537903
11882702
5344616
10088880
4687158
1315300
11057034
28122385
17411672
1947595
4009383
30996657
8440543
23311401
1577684
16273
30174042
15488133
2487294
2789921
11814860
22994565
15502596
5291261
6166435
17405353
7016473
11282353
1913987
4217870
2398456
33227637
12208708
9664538
13029789
1088867
9413143
5174766
3464740
12310047
2254406
6323722
24011127
2974515
14219061
1025220
7271712
17712774
31567999
5147603
1517690
29050025
2089709
43997
2565361
15516230
2920466
1896540
1657125
26702214
14600378
265883
1031357
2400951
2233832
643689
3629908
11524882
1698262
1533545
2601410
25877921
2784937
10118975
20168648
26266737
581133
89689
31497731
3008816
8934831
19631310
26490234
6518026
12719275
15670148
6274646
1823553
6733064
4956837
4989246
25756676
2408585
11503795
105307
3642823
2262647
10537271
31072573
8632223
641959
22178182
2663481
33205134
1944397
4429192
1666315
1458798
1058282
1048938
23098630
8619027
345491
8038468
9940887
1001614
856671
44359
18132433
19220187
3264738
838629
11705308
5860230
3101373
460446
2139507
6277011
26972039
7556709
2359190
1553219
600774
28304555
2647835
11065044
1515694
1031515
3076260
3163738
8336908
2827440
2552514
4587899
18630345
30054329
8713094
19304674
23470552
22825406
24307807
23770660
7250048
757042
15315944
10566487
165697
1353497
1852406
2996998
144809
18369924
2562749
7270454
29154482
12981196
225603
22324222
4262962
1318528
5507254
1751710
24169548
342004
5488661
20286808
1474588
2742647
2709932
299717
31430375
7881432
8086116
6916008
17308271
6275680
24498245
177771
7287547
867657
2388019
9251959
1648740
657111
31268299
1412555
4525484
8773379
2576092
17271221
30644784
32734458
217685
3147043
21194490
1002302
2257592
166702
705751
12844219
32349450
11383185
231089
1039090
21987506
21402600
9218203
17108939
12125128
19275179
6859046
13374650
1697166
12095536
3953010
13135636
6229703
19769231
617139
8466585
1280915
1046436
263285
19525017
7598663
2439584
4686746
12681932
651532
3654071
1394549
608695
220674
22360998
32211649
1761843
11617170
23133826
2262310
30430209
15554580
246283
25886942
24496617
3033561
4791635
187904
26932405
5059965
28778217
2083536
1780394
27592307
33049655
2643419
20913246
8442223
62662
730779
25862034
1563456
9940403
13129374
603181
28839386
14634646
14428242
9710897
9679580
14926412
15593428
971226
15007934
1292210
32515610
2558044
5043711
10529179
3737665
6484615
2192697
1512539
8391717
159336
591204
5808919
4934219
1227295
1914276
12211243
1227227
23015952
2320045
27649400
13908519
1475108
1615823
2662986
3827970
29841787
24884889
3274375
24614219
27269733
21031256
8239508
3188461
2244105
3014883
167373
7132329
2170196
2261652
7600820
1380601
2669295
31368510
3020332
682238
12979633
1860050
1007192
1958958
27880299
923252
1773583
753399
1891637
8078286
28414586
9054915
19446403
20463085
2200002
1531980
2199672
1768263
3946825
355825
24400535
1294115
10953971
18376431
13142287
2216926
4491328
2859777
30035816
23281277
8739056
2585360
52711
31060055
3930312
4984486
