11795298
5911480
23032968
554136
29609123
8563357
13754266
2829124
939956
21047125
16095398
2978980
6712860
23752023
614627
2977152
12913052
3067058
10771032
2339725
1186182
9974776
3404736
960665
17829816
694465
6535406
4227505
29179658
24552381
1525977
3860947
9385666
2441998
10986786
4995090
6230138
2408087
24916895
4399857
21161363
187109
26621569
306325
1556881
5831590
26750489
3736440
5059840
26776372
2799041
3035279
2280653
28348001
580137
171022
6417537
2434449
7109576
3814037
30559085
1890893
11097805
4263935
21392602
13227812
9936296
190431
462624
10348338
4739947
3455042
11598774
25306729
13498620
5860111
564349
25433
183504
2347253
651486
7764266
19373302
6234930
12269005
28197372
19337564
9264070
620804
6876621
2216590
12517910
2260777
31433033
3317813
3872278
17384786
13060755
3724121
3436312
24537799
14714108
5173461
17178235
25920526
745601
28037168
525250
30016472
28122385
10547989
3514919
2860625
2199898
11215747
3262771
28239106
2883068
3163795
27825621
23460013
8470381
157437
2141195
5268073
2535067
6855321
12350915
25061366
744163
2285110
1252860
29324849
8237803
4032012
2002962
12482510
4557921
1552854
10366673
9470836
1225110
19720511
28387862
25308280
5209430
18412718
10290247
14920701
6333606
261087
17726772
8402285
5343604
3785814
12362857
19584118
9687071
14833801
5075167
10118975
2329206
30092432
23049064
2364296
376754
657162
2336733
7297505
315701
5632857
17541921
5941401
9571886
21028058
26386365
13943860
2601746
7285702
13065048
1999425
28367202
785941
6124412
7061761
13595895
1938406
32583440
2845485
27999167
13273831
16115
11857
2703039
7465425
1354824
363856
23670291
374178
2351306
17357227
1039543
13055121
5330383
5002439
13843558
8675416
2662986
31897075
1628892
20833286
365796
3891694
576724
4009387
4637363
11792567
3631151
11187506
13019734
11386003
10513392
23804886
4777171
18645421
154002
7674486
7894621
4451883
4740570
1533545
15402106
18388067
8868839
2516099
450065
4468316
4667430
32113302
6855512
162617
5398163
7798225
2429205
17499061
17261379
4413036
11573925
12836034
3227449
7700551
3612234
4746713
3644765
6263915
7338096
6189700
30161861
17500957
10649522
18051571
12771491
9340384
10970750
1818859
28670478
3868228
266346
29553188
1529604
17658450
13359910
4344809
1328231
2127101
475012
11965374
44219
8956703
1790807
2504788
1968479
4249781
17963516
4118878
170514
17406451
7710819
8660898
8774946
22225765
28661387
21868959
3167778
10359235
69861
30876155
599212
26607829
5496989
3787896
18747395
596911
2163322
11797303
11616811
31110410
31859390
1255496
508528
3558889
12127711
25096834
5007069
3001099
15022455
1702441
31557238
33060822
1487777
14078027
1984054
12521052
2812504
3325359
13422564
6816613
13619028
1150250
12820076
2593036
13025164
16913269
6271139
1453163
10952367
33120231
7602536
23129676
1849606
7698650
89697
3042167
31000511
12230
654906
27225239
28107343
43913
2438183
59720
3750646
24209114
24677659
1066075
12552513
5309655
1023439
28107559
488793
8039281
6876656
5182160
7505810
6802051
31605532
6302220
16921619
8442223
5859391
4233846
33284219
9456737
1497886
32968211
156594
456611
3632593
6075237
5953845
1334423
2421164
7251697
874586
1234422
2537272
10605405
19591778
4780233
14824291
4792950
485032
11193825
3818348
3624347
5130406
1179993
22479075
577798
5849173
7126598
32589986
2313509
19373930
4510279
2020093
12791550
17386707
21855250
22159946
1191972
11950431
28112691
9486536
15059072
6162571
5993769
2509349
22994565
10683948
5750108
15217127
3338747
20717196
364082
2720892
9085328
13906822
30479579
5170492
5518766
377877
568981
24677780
30821664
29720291
25709236
685828
7440175
3452037
1525395
2630461
460516
3240440
4261858
5538664
2582606
5723540
705751
30248112
18861584
5950855
5458410
1147893
23738156
2983718
14687423
3252876
654911
6801431
542987
11214029
6554391
14968287
6101969
32780482
6240527
8146488
512006
171099
3214869
8306521
18510524
1466722
14748146
6247699
29642627
1481642
3591307
1849932
7815822
1562709
5816902
12333647
674895
6364028
23462017
7551071
6873371
1280915
6090160
2257543
32085635
5312841
4332586
24542207
11330141
1410969
152618
3240855
12984736
2572671
2346721
827624
2350018
14599722
12455906
23852789
320823
25459116
5904120
302920
2841040
6886132
524997
3857195
1599311
3139633
2408622
2188767
15366692
758487
14576147
25749548
1789975
217241
1837182
5733428
17432928
25263832
21839463
7197831
7856827
7346672
22784429
25066667
2133625
27166131
26283589
683219
2810574
4949790
14076440
3314970
4598391
1094334
3462679
374904
11701295
144770
813240
13062373
9264846
6872783
3307665
20949091
22284681
1641893
1277870
14940019
1643318
1551646
422667
28220794
552869
2003796
19393358
23882849
3276537
4276557
1073730
4583574
10435909
28897167
21014532
13199916
26272521
7851027
7025410
11449152
27289757
1224901
2007335
13936911
8327250
4711974
8851049
24567922
1872321
4395365
26124275
665734
23595253
13904495
16449407
1240884
16630577
26293034
2016256
8607998
31402745
949404
423922
3312997
10325061
30249957
9340896
4100073
18454949
2721763
21194490
950487
25065994
637080
1346429
33233503
2434776
249621
19254949
179409
19029102
31181125
22308307
2949901
2348198
3576892
6745399
28030522
27355597
6370222
6827553
483815
1620897
16976873
1977317
25983717
19967406
18462814
2233445
23640866
7539032
8955445
5699194
477067
2208208
32695910
1033994
1412676
2441694
8663557
14404892
12978329
2701917
8083
156463
6734540
1111596
255887
19256075
217790
2109485
49650
12197142
458428
2109172
1312011
67022
26465794
2705991
1013175
161436
6835272
19422725
2980822
3653248
6099331
8066595
2658956
2387667
689839
491825
467401
66427
1827736
5763665
2181773
2509582
4418103
5724321
2003773
31968962
5874796
28417383
25908029
23401277
13473463
5898263
7658042
17909306
391022
32300219
5247266
27734368
6298719
9011940
7634730
7552175
19543788
18697701
13954605
29012475
1687912
2262268
5742570
28741729
488940
479153
9650786
5147271
13634310
11524882
439806
6426280
13075974
1684239
1146123
327939
20840078
2702913
1190935
5201205
13817793
9244191
29136809
4683061
19055241
652931
10599878
2259599
8723815
10407897
17894831
707638
7104037
22190877
8588910
4488484
5100412
2728408
521568
23979341
12693058
2171189
160578
12500087
1666454
2152808
31810837
14943046
3451077
18433453
21196856
3079824
90239
556523
4603587
3807844
27611667
1676648
28122124
24280091
29324891
2871279
7763338
970470
3311579
1570884
11817996
15061165
14936904
766048
1273360
659051
12253981
14530888
3793726
5047494
12315593
3770724
16335506
2706095
9664030
22112264
327969
20271259
6831612
8539889
2646045
31773199
12063517
