2610576
28284906
2065911
2234712
15856601
3620666
580137
13493094
4208530
6627775
3673742
1017034
15611027
448514
7198192
16671154
1556652
26535296
420621
16521905
10359235
11592336
21762822
1318528
22680943
4490506
288371
2254406
2027831
4812504
1441902
3715678
883082
5860111
2547333
6067918
2819652
1348433
10541964
23089421
2422030
2806760
1328249
2902321
1855637
2685123
28735868
3631151
12361198
14917822
11660057
25048598
5053335
2842282
11260634
7741101
8312202
2706519
5070200
1420556
17035353
8820368
730779
10984234
2187563
875741
1227279
4946461
26022188
8797930
18478539
11456960
952109
2565327
13276549
9180590
4272265
467400
2944903
7686164
30022524
14995541
25475468
12874930
8784908
20654266
7197012
6050149
5544344
1957228
869917
11223537
15593428
3540844
1074816
12390268
2537982
23184079
2599407
12734300
997847
25275490
10486714
14928475
5245824
25169
9761995
1667957
15122521
3320766
15855441
690032
4452336
9785822
8608506
17956411
9034123
14252924
7337299
25503689
11859513
22411554
7706522
1287008
2469493
6671232
16112744
3644393
11086621
3091551
4393250
31740804
7596021
1360329
9560709
12605656
2298615
4671121
15010975
14142171
2705835
448584
7811420
7570048
32004333
3695011
10686855
2080073
15037509
5343783
742906
23194327
6507295
2675978
2086776
9942714
147843
6204208
4792238
5825254
5917141
1651716
1699011
2303214
17397208
235323
1116998
2886425
2818443
2089398
8619071
18956674
1555118
152041
180984
1866195
656601
12223713
9579274
2271526
12209746
18590334
6575660
2184757
936192
1918401
5277193
623662
27813211
7781511
11992496
5221357
4431231
1447948
2941454
4546076
3901857
30636401
4428161
5015546
19623554
3645500
10080646
20565560
7375671
29539445
2855854
14037992
13843558
1578500
4967340
9486536
32042454
8029616
866324
1778172
188899
170144
9736086
3813584
23343700
10856913
2190781
23278616
643540
29198723
8307909
1794739
3282781
1327702
5841128
14422354
22399848
32596827
869862
19939536
2175472
25742203
652931
16713838
21796753
16748523
16017268
10837128
7197238
17160452
227967
9572026
31502
25286273
6219581
22519423
1617298
5786778
26263049
6592768
12836262
2572540
31302345
14726002
2593232
13064592
14851177
3252944
16209862
874996
25897015
2782787
8477536
7711881
1034267
594010
7479531
1843812
742581
31526246
760199
25159872
286330
2693399
30715614
690581
11894237
752165
23190146
1161164
180977
422137
7663359
7195382
346854
891921
17601227
5171657
7115164
1466722
28097181
2736686
1443799
3648917
31304878
26739957
31034489
4584976
16120172
6271059
2214957
12115190
382204
32106240
24307132
30675981
7409316
266012
18824
11091063
24016338
3549026
12727809
9111178
3331399
15336537
17736253
691029
4386332
68065
1562774
818029
27344432
4562316
24844705
8565059
804582
14708296
864139
350387
8004518
12750123
2298497
12012356
19492570
17106484
4357802
9346856
1826145
9230834
1863168
3820523
16800234
3188461
27667743
6191499
2982128
7155655
5631088
2476315
8637869
9660946
27611
1736289
7430897
2939630
1254035
23932390
31094336
21889363
5931991
2801354
755577
2870760
23055777
12768277
3167778
5346138
581512
12476274
3471313
12892268
30530066
3233203
21939084
13836845
10324710
1311745
9553426
10021043
2316340
171606
42083
10600658
880255
6769459
2336407
5561166
1944787
23097119
2679993
7573062
1307550
156103
