28577519
1388969
4008975
1926657
7268472
3366612
14559055
17919739
19084671
3958959
31943597
2328984
72336
6015422
7290743
1599311
6982829
2931987
3680009
2186491
7433390
15906693
158889
25119449
16500159
11715044
6184486
4414612
12775786
22688889
1284676
6073393
1388206
20190111
939439
2213351
6546915
30889440
7247683
7449578
19605387
6855512
7975296
1009453
310301
1160029
7311514
14240966
12943274
4663643
706511
42099
925561
3419981
2330096
5928762
17384534
954726
14673269
7447706
7275043
1097306
4220602
18588550
9078629
3070629
7878852
3701726
2010231
2359190
22754177
2553788
2431693
22467826
12063517
20712953
31229442
11222545
705928
3647620
31551337
12011448
7102699
975102
21050282
5817217
3950318
2416898
3181337
31886221
3175851
6386853
3197935
8408938
3872761
17270824
2357835
1411554
801822
1584240
2925704
19537063
185039
32967115
7096213
20174474
4552924
361885
236752
508609
1565227
23006902
1883694
6142709
4288649
1557926
1546828
7018978
2448872
12753619
12029551
6692408
6709332
3767097
39620
8716684
8271252
8519636
13599028
1123218
18261136
1576385
7195382
8288153
751765
691114
18041205
665734
20809710
24083149
23184079
4563557
7617351
2862853
17067015
28799021
19532321
13274750
20181014
7138983
11316484
17821541
532650
723165
5639717
24911945
4638254
5589424
4737707
12465573
24311658
10044051
1954094
6006019
277693
2637679
9989285
6760676
1036771
4220699
6462977
21221542
1499437
2196148
923299
1788819
921332
2489569
950215
23748168
5781954
21414772
25585059
8326209
926859
2206991
2269171
23513116
99859
32660525
14277388
142792
11868942
11007053
957908
11178187
16329517
10648124
9443739
6750254
7094765
2944903
21115656
8972711
13214366
11492990
13128975
6089815
9288739
13761181
64612
2772900
6996617
30885193
5957167
5831501
13908205
11932247
22622058
779261
6209019
11655119
13540166
1330338
161898
731284
21465621
6384764
7660887
6090091
23720422
8372278
4241766
2352668
2777216
3633681
3545379
1420413
5428391
1713480
15405741
6769742
27911567
965334
62123
13312809
2016309
23122782
579712
2879643
5327501
921466
86925
24156360
216994
10231453
20526852
18932653
3725528
2980840
3253211
3265244
3148754
5785080
12813353
5544300
25614663
1086975
901390
938523
16630577
14434774
15384768
10130634
9878826
9736086
100394
3840767
24838180
17909071
2047916
31869425
1600435
6549578
5102490
11121181
12309462
1615104
21128247
2048467
22568289
9870616
20735284
2123292
14119542
25272498
3540816
433349
15553487
24423008
14665767
698137
236447
3644627
5614021
3609492
1973603
769212
1847160
7614500
26003483
31023069
3472678
27863671
1328231
7935205
6847084
3104806
28051320
10002015
14934868
151915
26285683
23905017
2347999
30946789
18525677
2108796
22410717
5780608
584945
31126488
383864
7950549
2649536
1696532
23232375
5668672
4620185
31951261
17503037
356339
5998807
3343705
17273064
17406210
12828854
12486047
5689966
12724629
3632593
14037322
487911
7182
1003950
4140236
2009549
18462650
11891601
1574712
1217535
3995113
10316407
16776126
18005112
23045464
1324587
17979281
3056495
13759449
19579302
3454244
7654060
12948738
27770477
4419625
1147996
2537272
2228510
629208
327664
6456893
28688113
5425633
1360025
536880
27511223
2532908
181011
1021051
23252211
15339455
2911826
3722237
691715
26490234
1888578
20301691
5454835
5716348
161895
1555606
25616358
1399962
15322055
4240908
276433
19076140
376009
28646694
1955249
10994687
7287371
18178487
1633169
9933694
508579
13774966
620815
15531768
4239021
17372145
10774816
1152345
30277295
12314685
15835606
2025814
225543
4946558
1807556
4558459
496779
23819601
17988142
12773830
6811019
6498063
1285791
32056806
3644095
19445196
13066517
20796765
17835985
674914
29324849
437544
4766415
4586247
24120461
21021032
1709861
10609034
26572102
3353223
11458555
9512443
6855321
61350
3230519
6033959
104451
14545658
2076328
22752645
13452654
556208
3987971
6417537
4513237
28553275
19263193
12862367
4028614
5277193
2252749
2294959
4695414
13062061
794688
3688761
2260777
993648
3781033
12951433
1614880
28501860
30449563
21872548
6921811
15199410
2565222
1651716
13048707
2847723
24059528
24437554
1253989
704585
3773365
14920982
953857
1776754
2653064
9596008
23792310
18932977
19318844
10758415
1208487
19598607
7521425
4811872
13454728
5126914
24403005
2829124
1702544
8047173
4583654
1501536
13282904
29418609
16053564
14039748
9475878
144770
679952
3854253
100692
8890471
23422473
149731
8191502
2394522
30018743
9785341
4237724
3710579
28483382
7173620
27931814
972677
15836744
2728408
6739674
8557420
14054306
18652862
17338359
3447412
32242726
20980168
2564237
7353389
5869204
584551
32306393
29056376
20493232
6268388
392335
1147948
333680
15417330
1064124
13036443
16953689
13913674
8800626
10414038
26678297
2307962
24467169
15972095
2358901
4859327
12759965
14734477
13445174
28071529
654883
21905877
4435414
718245
4519477
4967340
24484943
12051657
6802468
14322715
931320
1600208
9632342
5811122
25591822
707289
2666295
6745577
1560333
2197552
594844
28265170
2664864
23830110
25165494
6523737
2033447
415175
2423778
17386908
17964818
26400512
22398225
2003685
1012149
2994701
28054377
30108586
17172515
771100
8847709
9756156
2023478
408743
13156975
2859777
32089829
2054551
25847743
6219380
864139
19373302
1553427
936829
15980361
10425763
26183016
26331538
26850819
1107034
10934648
10890702
931308
9759113
6640649
19382498
18481741
11644475
3258429
12836034
21028872
30785064
13511703
67030
28208460
10505442
23447197
1391550
869862
935857
1919252
31693159
31925505
6945873
4467885
5553197
13911397
12943003
29517393
27806291
775755
5469637
4493410
342004
5954329
20271259
1951981
291520
1227378
682778
1048046
26499738
10026206
7006719
33197812
17931051
5807024
3680575
24978559
1008352
508528
2190480
2237198
6903619
18005680
8913641
2069418
3258058
