10120241
4157338
3670357
31508588
1051942
25730509
5539109
28646503
7735022
21182177
1652062
26334893
1133338
3133115
1305071
75629
351769
9312326
24054041
826868
32377002
149646
7767296
61891
24511700
25791920
927274
24368929
1409693
27984185
25337588
5941016
33211294
5941040
7364630
1373338
29722894
221244
1177974
6814241
11014633
10723825
744291
247577
360601
2979341
1232914
33331696
4157399
29895551
2597784
636923
4157444
16081202
4015871
477573
5584249
14854015
6609041
7770329
9908503
292744
245523
7652409
6183392
24256229
3313527
509081
4558491
21626188
22782409
4157599
1177990
12575446
10836468
4577392
2864030
31308099
23534720
31718204
2958155
562782
4593774
7740082
11790568
1657860
675651
2669524
24081783
346262
6289189
1177980
33081117
24087323
18978005
1483049
6026731
1177963
355100
1233344
