10723825
6263731
24387478
690686
333299
3621036
725111
3934869
1449175
13790456
2118
33254166
24126396
722548
32183016
847886
30275938
24030130
9862802
22577850
24338041
26534374
6183392
3100586
3754285
4157687
2871265
11261383
14729346
17110513
4349117
24240406
525320
723297
8155146
24083295
2007748
14514547
1128605
17545909
318439
13511620
11494014
11512614
232535
244463
5506771
690728
4112667
3682218
1148129
3417338
1655142
1305071
9421111
1536947
24083321
11090262
1177952
280529
4157192
8464397
203996
4157639
24838306
14926151
31718204
240694
4396962
28134188
5941026
1409506
2546511
8010502
14890508
24126101
1966797
7543270
25842216
30121233
7166633
1216087
22469695
23534720
23453065
21843366
4855648
24128464
14620737
32917096
4157005
25385291
24368960
5584249
31282
6983521
9707263
18066908
1196250
26412383
509081
31111767
14895644
29638267
3670357
18347788
31675608
690742
28507035
1605712
12677924
20741076
24303725
576855
31499648
2061486
1123559
24081831
1699060
7086322
11350819
1457636
980508
11220797
24093107
28396062
24277294
24368858
21749361
346755
169311
19726161
7566175
6673051
4157407
1200120
4843588
27900233
11228012
19761034
4157674
5966396
6978672
12061759
185271
26266763
8810651
9616026
936111
766409
497485
16081202
14894187
7324959
1585274
7941780
1170312
690736
26063475
26808342
4157510
1462712
636923
4989397
17598460
30151810
1623938
3929468
12677988
1399856
3757353
1200006
213003
29483633
4508811
30208672
25927988
1170160
24093092
1131101
3562453
3892303
3118411
17500352
1369821
180855
7652409
25292663
12606685
1847
19363223
28475136
2438400
17378052
1133918
25927875
21682838
24363442
29992976
1570072
