2554738
31302509
1200004
1399856
11844294
26649339
4156879
31537152
3736299
753215
4157430
2069325
33171840
9421111
1860374
29237460
11790568
1133303
24081874
673575
6792316
14674709
149326
1950766
8378158
20155750
4855682
31248
7651308
25730509
8803020
8267820
24303342
11220797
1194259
24109545
9309
2486417
23784721
3929529
16970848
728019
244437
8581934
24161196
1233344
19720831
1196250
5028195
174091
10836468
38501
957598
1536947
254142
133877
1128614
619054
21749361
3821625
24368362
250323
17919686
1128465
13181245
21569386
5719783
6809151
53776
1133918
280529
3351916
691765
21014841
1178006
19146037
6412575
24083321
1178048
542343
24750268
24369113
991786
33297462
3522541
1305071
2833097
5941071
3691548
22945970
23917
4157654
1409693
1620703
4153
14810565
8371035
14809314
22381228
37803
353042
24081783
4157120
3003657
1481659
31194124
2547402
4157622
6286120
27867508
15017040
23265480
2856852
3207200
8606809
5134689
31104610
27633477
585810
690669
184625
24081831
2684060
1123562
15582811
228015
8175877
14809634
2076964
186969
19926373
2537223
3504483
1585274
24303725
28209555
285879
1457636
19044845
5745790
194926
28174525
1196309
14767373
2864821
6437953
12677802
28153829
33081117
8813202
32183016
24373456
32880384
464119
5358570
1128627
26808342
6183392
4157168
28998641
5297369
4436119
2397428
25358908
24872872
149926
1133317
1399873
13805160
346262
26108571
910274
14809635
16823137
299329
6263731
7815113
3029878
24161250
20796238
12600886
5021549
646933
26534374
3757507
1460126
5871105
3237914
22540036
1652062
18066908
24885403
1373168
20347079
28646503
562782
4587190
7025924
1774970
4224429
9308202
29638267
9421457
1133338
27646966
28990313
1410431
24081939
1177974
584406
1178002
26952055
25292663
8815
6022680
670588
18681460
8978968
19636775
3603745
98748
13516635
2507412
878962
15262012
1448472
8155146
24083222
25337588
1148129
31514
16130126
30008292
24030130
333219
2705947
7087334
1661566
8803007
9707263
1605712
6805386
4372111
1623938
7714430
860507
3522824
3029898
1304107
4157609
680672
14808143
17113364
89247
31224085
3029843
690775
2867012
10120241
11197065
14808491
14800187
24368917
267355
9982439
14809393
28228942
3372717
12677988
1128479
24369094
13125238
9421365
6673051
19116785
12557839
691803
20183795
16988587
4157263
2859668
14767416
1178004
39372
20262149
378310
4031236
22336498
14749958
7770047
3757378
1178000
557931
4472133
999491
1019406
22022581
31450846
6814241
24092608
