680672
1284311
675651
61891
3710263
18120382
3757567
28157642
24369027
12575446
1731488
7767296
2243546
3364948
3122052
8287689
2856852
1177994
13396591
9292749
25927916
7625755
1707627
4593774
3733318
1448472
22684368
4156879
1196250
325260
1399873
2979337
17378052
7815113
30275938
25927898
13250641
675699
13995
20740765
542343
24081969
351769
926892
2938370
27867508
2860091
11252689
5558956
12350534
239230
3515524
2886280
28998467
690669
8802504
9367140
23702758
3026561
1633057
24177385
19852067
1196222
15093884
22231180
4561188
597568
4262609
28174525
2684060
13516635
11035198
8010546
4157031
724752
13056778
11264285
1399856
1545975
3522878
240694
10723825
2007748
249254
11350819
31803163
24369113
3498787
702867
6978672
1123547
2284104
14853782
75629
12600886
1128551
407763
24107869
571319
7342033
1326443
2861799
2669524
7740082
24368929
6793390
1950766
1233347
5297278
13251077
497485
2957180
31224085
24211555
504786
13527104
28297874
15095266
4157120
31554519
9309
15720401
3772072
30008292
9401706
1270875
14797468
23472134
24161179
8046549
12126635
24369063
1170258
24083203
14826806
18671714
910274
7991
3522774
4157694
14227148
168609
1233344
23093011
601284
9001642
4157379
10912009
20505205
1561945
4157482
24054940
2649330
244463
24257124
2461612
4843588
772031
4157141
6008654
2915428
3972672
25292663
6808344
1152860
12237982
25350
7714430
17247558
27481099
710420
1850040
3237914
691279
4855451
9797288
6544867
33127271
1133303
14221581
26245455
194926
11117830
12677802
32230735
4157586
10556587
14674709
31450846
31553074
23820116
23917
1373168
24278888
30606
2057290
23905
232602
1460126
24240406
7685783
4157399
17283742
26874356
3504410
24081770
14895763
2888949
8619670
22786540
5021705
1609861
22946798
562782
16645361
5981640
10039881
3987703
4157674
1652062
8244667
14726322
1169985
3957132
666526
579390
31104438
28380179
24126396
12106740
7820640
25069366
1019406
24064939
23714047
26305568
31806890
27561614
5297369
31834133
1577896
10565476
19900560
19763183
1847
8834492
584406
4072443
14892761
6026731
3332547
401018
857110
30868268
21533914
723339
11167471
690736
8010502
159023
149326
17286828
890285
7566175
8748764
20155750
636923
2554240
2107748
1657860
24083295
6317514
5940977
29895551
21843366
15262012
1178005
7196522
3257382
744165
11288998
22192834
2076964
725111
1396880
23868797
6609041
1177982
8010465
22036024
11014633
5429905
4157613
187337
2860441
22258988
22469695
8834676
5719783
8010874
25854391
3562453
6109457
30527606
675231
8476166
18347788
9421111
4057707
26611936
1620703
936111
1216087
7498882
690769
2864821
12415907
9938559
4516489
717519
21681153
665025
10083278
39372
24083193
8477639
1128619
27970912
1128614
24321380
13379568
1196304
14826884
1304107
26952055
2958155
22946501
12663005
14751126
8281950
4577392
21569386
2316192
148420
4157457
200877
7324959
363423
11790568
36670
10063937
24256229
149926
280529
24277294
4112719
25373662
1123562
27414761
28094072
699498
6673051
1128638
936102
4157407
25730141
447298
4157622
8818888
10393861
25923673
865249
338199
29735189
3870617
1200120
4157154
622688
24750268
22945970
33238984
21417820
18354141
1707682
8337647
11090262
4157204
29341653
13606703
53776
21963702
25927939
2554738
2863858
581560
31537177
4669481
21116542
1614492
32490744
