14926151
3735444
204002
585810
1284311
7543270
1850040
11197065
690647
32678117
32688684
13396591
794679
4128971
14836193
24320794
2185021
26270834
17378052
4157630
24064939
22022581
920110
11494014
4436119
2724154
1427785
4157315
1169984
19589
16081202
13180391
14894187
728019
254142
249855
5621080
31274
15017040
5941026
11512614
2979341
25927978
4157391
325806
21417820
4157674
1189425
17283742
26334893
9862802
14810194
3757650
31597396
22381228
31536917
4156959
5297278
29722894
24670148
23418323
646933
710415
1177939
5941040
14797468
1406385
981238
4358338
1128605
7639687
21197315
24187428
1005719
1676725
4157502
9871765
13181245
22816079
1707682
21569386
13035
9707263
420919
24368382
4157575
30159370
24368960
1457254
4157510
14809633
14613600
11415890
1655060
991786
3522683
7770047
14767374
24438021
10254889
19718112
8606809
24917736
1462712
352343
2461612
100558
1661566
1609861
1170312
24369094
2326941
1177977
15582811
3142847
333219
3736299
4593774
12786864
13125238
1233342
9308202
11492935
690669
2864884
20740765
4157168
5786138
24126396
1369832
10393861
14852559
19363223
1177995
873839
3428490
24107869
18671714
4436211
8337647
23453065
8839340
1153192
31277685
2649330
2915839
1133918
8802992
1643806
9328337
20058152
2243546
20766353
14836141
32880384
19657952
16130126
14749958
525320
5429905
6286120
11844294
24083203
2438400
25358908
4157379
24369113
69890
24368309
32230735
28382
52435
3771917
3992949
4157267
306422
581560
19435677
22336498
73613
2961
4157558
2979337
1123470
3480707
2554240
346262
25292663
7342033
30533678
25923721
21182177
14890508
4157372
25646409
31202395
3817255
8370929
24081988
17948663
1304107
5133142
24211555
1177952
1266713
24511700
680672
18389679
28998467
180249
21681153
2864821
4508797
1982872
21595579
4776914
11064788
2580555
18119915
692369
1133565
31508588
2316192
11252689
7004401
28380179
26305568
8834644
19146037
5941016
41821
19761038
5198300
6706815
288288
31537190
78130
5506771
699498
25927939
6026731
18604065
2860528
4157031
22947690
26534374
31063708
1378661
7158665
28059825
1409506
6008654
12677802
1631772
1333086
43653
3351916
2212867
666697
1128491
14788670
25927930
338199
31450846
20506374
577003
11220797
39783
11333082
12415907
10151936
8010465
14221614
14797562
6805386
614962
1233347
3522824
24256229
21014841
24257124
1410431
1110499
860507
28200770
1142750
24092608
1128638
24161196
1169985
5940985
97026
4157594
1577896
16456063
18066908
9401560
2715277
699772
3821625
22045750
20797876
3124498
2856852
21075172
31111767
268462
2624629
7735022
5941045
1177994
27414761
3029878
8813202
6280
2601866
14797957
6109457
25927830
1323985
413102
27497399
20823563
3372717
2064818
22930177
12377419
23534720
3026569
7498882
32377002
1128650
4032816
19658548
33254166
25385291
19635706
14797569
1305071
4157609
1802160
5939406
10609147
14809635
31803163
2915428
4157586
1911810
24093092
6808344
14675239
9292749
75629
54419
31104438
3757117
24081969
3417216
10531718
1699060
5021705
745755
2859584
1233345
542343
2864170
2597784
4157567
4157599
4843588
1177972
3761640
22577850
21843366
17286828
19558316
9873493
26646697
1110667
690775
23702758
1142743
33329655
12561056
675699
1449083
28396062
2007748
31165912
2864718
14848503
48560
76861
1123547
25927742
4157482
14853782
38372
19900560
246223
31514
15023
3757618
30411
12379384
24373456
213996
16034
749033
24232091
5940977
2950777
2016186
4367424
21963702
13056778
5566181
675231
25373662
14206817
691765
33331696
1137033
161944
7597440
19852067
17500352
534914
21689422
15619327
5719783
2379792
675651
5358570
25730141
20752774
8155146
13511542
20619029
24161250
18624814
20933302
1655142
8281950
3691548
31282
8244667
186969
14767373
779955
12706069
1571968
426551
17113364
4849574
27970912
5134689
18681460
140592
8802984
22930508
8378158
14797458
13516635
1778619
4157204
2382632
9421390
249254
23717056
149326
1448472
17598450
1290806
18347788
21682838
704160
1860374
13322903
8803007
27317345
24081749
1123562
451445
2083415
24080253
571341
1264842
2118
358477
3972672
5719307
25337588
11790568
614956
632632
4317775
601284
1578059
16988587
