27317345
19116785
23258067
534914
12677924
24368986
3207200
2699467
28094072
18978005
213915
14221581
2833097
24838306
450062
24041180
17286828
690702
2863858
1005719
3351916
13996
622688
724752
13516635
2488073
12350534
1966797
21626188
868153
28200770
8802504
2284104
31087478
2568408
14926151
13985701
8477639
21533914
4118276
4112667
31866635
3522824
1575704
24087323
2083415
2979337
3504488
4157263
7740082
14808491
19762118
28157642
9409435
1533767
19448392
636923
728038
38501
20913204
18396728
3522541
1623938
2861799
12126635
358477
25927898
10723825
203996
1614492
3428490
5941016
1369832
33331696
3133115
11494014
7543270
5028195
12415907
30121233
24081988
9862802
19726271
31554519
1323985
10254889
1457434
2915428
3335635
8834676
735426
3504388
9309172
184625
30972465
24109545
13883
12013
14206645
2472622
13995
14240178
16081202
4157567
2879067
195196
10912009
3514224
221244
69890
426743
723339
21042117
2212867
12659803
3364948
24116567
684680
31877832
2886586
25927830
13511542
3929912
597568
4145225
6892618
5719783
20826087
17458495
24205238
25786160
1270875
29483633
6948446
56112
2472618
5871105
19403762
1196222
25385291
25209398
41985
325806
24256229
3522774
20143357
1731488
1266713
1133303
9421333
14853782
3522789
13293756
23784721
690742
1406385
7197623
22577850
1177982
203468
1128455
14496121
2669524
28382
31396728
25648858
12600886
41227
4391494
84539
15587401
1200006
27867508
1128479
1233342
194926
3772072
1178004
8818504
27699622
1128638
1233340
26108571
1177977
1631772
12015517
168609
4031236
1232914
1804034
26196139
31277685
4157654
267355
286534
6793390
25927742
3972672
17502341
24092608
30047903
23093011
8803007
4156879
10393833
5981640
16981683
2256654
4157005
4072443
13250641
220665
2069342
244463
325260
23429522
24080253
239136
1128491
89247
239384
24083295
1177969
30008292
1178048
17878029
245523
3402053
710331
4855648
420919
6317514
7652409
14286667
1177970
19726161
239230
728760
4689919
8802976
3521756
1577896
24177385
21496179
14227967
1688550
24809733
18298594
672499
690647
31567349
892014
2649330
14751047
31194124
24161250
14924727
3625459
24128464
3757117
479884
14729346
1585922
607631
1369821
213919
31730646
9944209
13379568
2382632
22231180
10083278
11173637
29420000
1449175
3151066
4157558
13740536
29895551
22999330
21480757
744165
27497399
2580555
7083690
16814
2863809
19363223
2088675
18476346
21463296
3123459
10531718
9909979
1051942
19760684
26808342
21661207
12237982
1396870
25923673
186969
22458
1707627
22812263
25191227
22930177
4472133
1123562
351769
1536947
1128461
22022581
9328337
22808985
8802992
5719307
3206654
9313
23015254
30697444
23761072
45809
279654
23265480
3522683
1170160
749033
1650168
24368362
16034
4606726
2754301
1893981
24240406
32917096
13322903
14767374
2864244
14826806
1707682
1233344
7097464
2597784
11973947
208811
33273315
3026561
7460839
30537813
7599422
3037035
25935140
17598450
1661566
4157031
8010502
7297972
1667420
691765
2859584
30275938
722548
4367424
19146037
7364630
2346823
4989397
957598
17586182
97026
12481023
20093959
24368382
1854663
9308202
3929529
23714047
24104450
3929468
31605745
21051195
722554
873839
14826884
17247558
3504442
14221614
1177965
2705947
3237914
7769842
15093884
33238984
14620737
24192415
32023901
571341
1449083
11117830
5941071
1123559
4157267
18119915
53776
2864311
14223173
299329
20796238
3892303
8802963
4008959
3757507
666526
18311785
24338041
16660676
647196
1200024
24885403
22261908
19575563
6978672
72634
24321380
12663005
10556587
15095266
29341653
14848503
23169584
21843366
509081
6866086
25854391
6285
1326443
14751130
18066908
24277294
2316192
11333082
2801989
4157522
8834198
1177995
15262012
15843635
7667996
4436119
3771917
22786540
6289189
2860125
13527104
1778619
24093107
3691548
22813653
2129782
14848694
1571968
1252846
2118
5893760
25358908
24087336
22816079
24732291
7768222
25691198
4157430
9309
333299
32678117
924025
581797
28961424
10477221
24368944
287137
28189558
5566181
1152079
12114107
673575
7158665
21689920
13672415
15698614
1133565
5941034
1655142
5521925
25791920
8803020
7024544
33171840
9402045
13035
9908503
1570072
3125155
23714466
29008739
1652574
21395008
19310129
4605351
13790456
14836193
10063937
1216087
21075172
7735022
32490744
23534720
25927939
2486417
13580526
826868
5465118
1409506
562782
3817255
1178000
3603745
6506620
28153829
7086322
24092647
1177953
847886
4157181
1179451
26412383
29722894
20740765
8802945
509120
23453065
1704711
5133142
26534374
13911197
1142737
865249
572903
14853781
333219
24804975
8834365
4995497
16970848
172564
8834492
3122052
6807932
3029843
25927930
2461612
14855183
3757353
581175
311034
22930508
4558491
1142743
1652062
1620216
27900233
33211287
14797947
31675608
73613
1378661
7166633
2833034
159023
7196522
690669
14797571
4157482
1177937
1633057
1342362
6792316
2788568
15582811
8262
16992894
22061820
9092767
33254166
6183392
24278888
23418323
11510650
1177980
8281950
