6022680
411215
4157654
31104610
12769593
1178005
8244667
21463296
666697
7735022
4577392
239384
24256229
12557839
10836468
2856852
17247558
728038
1177970
19363223
1170258
20933302
1128599
9313
8670186
534914
13056778
2438400
9352244
9862802
1577896
4358338
16974
22192834
13547826
4157315
31274
21595579
16647875
14810565
2497388
8780193
1177950
14809635
85821
3522683
24612402
13995
24081939
2330838
22672164
4157154
14797947
285879
159023
17676093
702867
2568408
5140949
30208672
8136831
690702
15433676
19762817
6317514
3929452
32678117
8017444
8267820
13035
27414761
2950777
3515524
23635821
27497399
285486
14809641
12677802
3335635
14675239
4157613
19763183
464119
6948446
4157496
24438021
200877
1481659
21682838
2476311
10684617
11731171
3522774
2546511
17919686
333299
22540036
3521796
203468
24368872
24081904
8997770
28297874
1772757
13985701
3757117
15843635
690686
710415
910274
3237914
11064788
4157457
2863719
13511542
52435
31296952
311544
4849574
32447379
325813
4224429
30121233
338199
2609001
14836193
632632
29008739
18154982
1177953
9909979
140592
244463
21182177
4157127
4157338
6808344
868145
2007748
24161250
8464397
2472618
24084383
1452141
246223
184625
2597784
11288998
14736821
12061759
4157350
546678
6368430
2979337
936111
957598
1128638
13181245
652733
23093011
21689422
41985
195196
23174224
9001642
30533678
6673051
23714047
4157474
22339952
9797288
5362893
14797571
14854954
27970912
206886
2864244
14767373
1233342
538132
7767296
9871765
24175436
24111422
24064939
29106883
725111
1570072
601284
1966814
3480707
22022581
4047259
306422
13250641
7097464
509019
16550517
8802984
524466
9352497
24080253
25648858
1585274
19146037
11491940
581797
1170312
6809151
7324959
24338041
4262609
8802945
4993539
22045750
10120241
847886
30868268
1499165
31063708
1123559
1406385
4157192
1169984
420555
3025819
2886133
1270691
14894187
3589536
159501
25443519
5021705
23820116
5941034
19721986
31248
12379384
360601
12106740
33273315
4776914
24723941
1123470
1177995
30972465
27069553
7820640
33331696
720167
5745928
1177980
715707
931876
504786
19193037
9092767
18640974
25358908
12606685
14514547
2270004
1966238
722548
61891
243227
1177993
21042117
675651
24041180
451445
24804975
22036024
4032816
24368309
21197315
579390
8802954
5941040
2864718
28382
2537223
3929529
14747415
180855
1196250
25923933
1123562
33034771
32111709
28380179
1170930
19575563
24368382
2316192
21105530
31597396
16456063
246562
239230
33127271
1323985
25691198
3772072
5940977
5584249
21765779
24131381
19044845
9396423
24092608
1177937
2034821
30816
24615296
1178000
9616026
22336498
247577
21689920
217313
24303342
17502341
24093107
41227
607631
1128614
14855183
8834676
438471
29895551
24363442
10393833
13790456
14797458
4605351
3691443
18476346
6807932
7460839
1133338
19726271
21843366
710404
7768943
26270834
1178004
717519
998074
1457254
2461612
9309
4508797
13251077
7271261
4157363
31111767
4157120
4157697
4157567
2859659
1133303
2083415
493995
1409693
690647
1155738
800010
14800186
26387294
7364630
32230735
1850040
24081874
18354141
1409506
746912
6247749
1982872
20505205
8407
4156879
9070022
675231
3733318
3504428
20262149
9421333
11228012
2243546
19723542
864438
5940999
1655142
22684368
17500352
4157630
24369113
7196522
722549
723339
1774970
14726322
25373662
24369037
5462075
690669
2915839
4587190
32965449
65798
722554
20913204
13379568
1460126
3562453
4321
24083193
2958366
10039881
1177990
7770047
3957132
31302509
24081988
1215851
1196315
5944391
31803163
53783
89405
22721120
6026708
21678520
349458
24368889
699772
1177977
24956783
28140890
12575446
4157141
3428490
31536917
3838181
1457636
12114107
15698614
1133367
675699
22568074
1177997
1676725
920110
2480226
7297972
744291
6289189
9401706
3003657
1123549
11333082
4689919
156802
23901
21480757
14854015
794679
185271
4774780
1200024
8864
1200006
5235137
1363880
2396669
10609147
3710263
1457434
75629
29237460
69890
25935140
2081012
31514
15772253
16678715
24674758
36670
239136
2715277
5966396
1707627
1178006
21318521
2088675
38372
4157558
14853782
1194259
149926
6524226
52021
23905
45809
20183795
3754285
22782409
16795502
23429522
2795211
31165912
590893
23702758
699498
4008959
24161196
3757378
287137
15023
1650168
1153192
9402045
187337
4157399
3522824
31450846
25191227
352343
1290806
30159370
89247
24093092
17586182
14890505
19852067
14808491
4153
3332547
1177982
237209
26808342
12561056
8337948
420919
690769
24373430
14751126
25209398
426743
262243
33238984
24368986
22568116
11503485
524501
24205238
1305071
31633320
24052345
1860368
18412684
3037035
1177974
24109545
6793390
26534374
29008597
14737027
6706815
2684060
1327120
691803
15095266
5021549
4391494
28475136
19848434
28537741
3026569
31277685
2888207
28691490
1178002
1652574
597584
2397591
14227148
4388651
3029843
16660676
203996
3817255
33211287
1215833
14895762
1643236
25717468
5526051
8771718
14613600
12415907
1449175
14206645
924025
4157482
11973947
17110513
24314
3522789
21616365
2580555
19636775
14895763
25292663
5028195
31308099
17878029
7740082
4157661
3151066
13911197
6609041
1128506
27900233
25914056
18389679
21677830
2957180
8262
972328
8815
2675917
26646697
865249
9938559
3517732
3026561
30151810
20740765
245523
3465055
4331203
8371035
1152860
2915428
3166399
7770329
14890508
498304
23784721
2864030
1177939
28209555
6026731
17378052
23327939
19635706
479884
4477141
14836003
3621036
22808985
1778619
24083182
557931
31537152
2888949
7726759
14620737
9419642
12774077
7271835
25927916
11236982
8010874
690742
24368960
1950766
12013
28228942
577097
30697444
2867012
11117830
6814241
24917736
2547402
22947690
2938319
927274
371914
2190732
2968303
1242713
30047903
2833097
100450
23761806
19761038
