1491887
4409105
28998519
31075291
14853781
4157502
24369044
744291
4032816
18119040
4153
9400139
1170312
27414778
76861
411215
6983521
3257382
15582811
4056695
33238984
4157031
19726271
1427502
12677782
19726161
1631772
2968303
15017040
1128599
33254166
6026731
180249
18033364
1233347
22339952
9862802
562782
379520
1704711
16647875
4367424
9308202
1110499
3504410
2284104
1123559
10949
244463
723297
7271835
17598460
17948663
10723825
3465055
6412575
892014
24373456
1457254
3125930
30527606
31104438
23761072
33328430
4391494
39372
11064788
725111
11261383
727811
1177955
16024502
6008654
28382
14767416
14223173
728019
1169984
1614492
22783396
3686677
4157181
11731171
4157674
31718204
12677988
1128627
11844294
21681153
20058152
4157694
13516635
3307045
447298
710415
2938319
53783
14751047
18066908
24924589
749033
1152079
24081939
19116785
3522824
722548
16823137
25923721
25730141
1131111
325813
25436675
30121233
24278892
28934119
3417338
31983684
936111
1850040
5966396
14240178
4157630
4157168
24161196
7271261
6022680
2069325
19636775
11167471
1233345
236801
19193037
6866086
24081922
21105530
5465118
23429522
878962
14221581
32688684
7820640
29420000
19435677
6814241
1793590
2910030
353042
41821
2229040
24081749
5358570
27367024
14797562
1536947
12663005
2864718
31165912
22812263
22568116
16981683
493995
800010
579390
17905449
21062705
1605712
25914056
920110
24131381
690647
10431815
1153192
33329655
16645361
2957180
33006898
936102
17502341
1133565
11494014
4031236
19848434
13518199
6166234
18757567
24052345
4157679
972328
4989397
794679
3402053
2330838
41926
2886586
4015871
14809641
3522683
3118411
23265480
4157669
346262
2601866
26063475
73613
29483633
3504428
715707
25069366
4855451
10531718
4157350
32230735
517370
24092647
1731488
21318521
413102
4669481
8407
14227967
11173637
22045750
203996
28990313
14767417
2397428
1200006
4436211
12786864
2863858
4157127
727271
16992894
17286828
691279
14788670
724753
31255067
24081874
24161179
23820116
860507
8864
17878029
8136831
9908503
1216013
25691198
5506771
1133317
9485902
10393682
31537152
24804975
5981640
19762118
3656587
14227148
1196304
2609001
24872872
22672164
8464397
33127271
22709916
325806
3870545
28157642
20155750
16456063
2864884
1170286
2624629
26412383
4156879
2118
8803007
28691490
1802160
26588943
98761
4157005
5429905
720167
2346823
33081117
3504388
4128971
21569386
21616365
8262
24338041
31169226
11415890
1609861
23534720
28297874
28396062
24161250
19448392
1854663
9396423
25191227
21075172
1128638
601284
24229305
12677802
2212867
12015517
338199
52021
12606685
2461612
8613537
54419
564004
22782409
2788568
14926151
7768943
14736821
13548222
12774077
7355278
897064
30816
22684368
23784721
2860528
14355284
1747972
4261544
14894187
14848692
4157639
21116542
228015
14206645
24054940
735426
670588
1128465
1655060
9421082
32917096
5786138
3029878
9616026
8818695
3521796
32183016
4157482
13547826
17315337
581560
11228012
1270875
371914
8281950
18604065
1377178
8337948
2518787
1427785
15433676
31675608
6808344
6792316
8606809
1215833
20823563
148420
403165
24368858
9419642
1363880
363423
11350819
24368986
3151066
6381755
509019
37803
9402045
89247
13180391
4157510
2675917
2856852
25730128
577003
690769
11973947
14826884
15772253
622688
724752
666697
2801989
14810194
1460126
1893981
25842216
5939406
14809638
8803020
953320
13672415
10120241
311034
3522774
31075298
24211555
28150097
31248
7342033
2057290
1911810
23716451
9421457
4157192
2860045
2706406
360601
25350167
1966814
681409
14826806
1178005
23717056
2507412
3517732
19731900
239230
33171840
1449083
2316192
14620737
710331
23712
3682218
249855
22061820
7599422
286534
23759337
53777
23714047
690728
15262012
9873493
2008741
27603257
571319
3754285
2850448
213915
426743
13511620
15093884
180253
9352244
1284311
10039881
416823
1123562
7625755
12415907
351769
19292825
2145273
10447275
691765
4689919
18978005
10684617
24368917
26808342
12379384
14800189
41795
2597784
24723941
31605745
13181245
26305568
4157645
23174224
11236982
22780828
65798
8046549
1177960
25927472
24368316
13580526
1175666
26952055
772031
19310129
24732291
1169985
14894345
1623938
529568
14809314
10151936
3522541
14809634
2180494
232535
4157697
19718112
614988
11960848
1409693
1575708
3003657
9421333
26266763
239384
4066308
3929468
4561188
3892303
220665
1655142
13790456
8670186
244321
28134188
3757618
22808985
4477141
87030
11288998
2088675
2016186
23015254
14836141
4008959
1196309
32111709
11510650
18119915
4855682
8378158
41985
26196139
245523
20347079
3707999
9707263
3603745
24030130
9312326
2396669
717519
2081012
2270004
2061486
14993828
31383987
31274
868145
1189425
18696734
2472622
680672
2546511
11455548
29008739
14810565
18476346
3929912
31537190
25337588
27481099
4157622
19363223
149646
1194858
11090262
690686
1155738
1233342
1661566
18640974
728760
497485
1657860
577097
16988587
25923933
15698614
3645795
7735022
28998641
1177950
31553074
7652409
6506620
8337647
638889
2833097
9516059
22058210
244431
1128455
3504442
1688550
26646697
4157466
32023901
25927939
2859668
4157661
24277294
3929529
1643806
3133115
12350534
22231180
20750994
333219
22945970
3166399
4317775
999491
24161157
17676093
1620703
22947690
22932101
3625459
25292663
24511700
12237982
18301304
753215
1133918
1177972
597568
25927875
7767296
1177953
22786540
957598
21682838
1378661
19761038
31111767
14852559
6706815
2705947
24369027
14968
197253
1264842
3504488
5871105
1633057
22036024
675699
19721986
4557120
24257124
24092608
3115869
3396069
24083222
17625375
3757353
1177970
1128592
17110513
1333086
1128506
1457636
12013
3710263
614962
1177994
11014633
1177997
31202395
15095266
217313
1232914
1652574
2915428
420524
524466
206886
2256654
38372
3207200
18389679
33034771
438471
14797458
29106883
1123549
195196
1410431
722554
89405
31194124
3992949
4157558
13996
31607500
1177939
97034
17545909
1481659
4364195
239136
675231
392431
4508811
31597396
1131101
24064939
4157154
538132
11197329
1533767
3929539
3521966
1128605
1585274
30208672
723339
28865703
230401
433326
672499
23472134
1142737
4320
5539109
4349117
1708671
1462712
19589
12677924
24612402
98748
2034821
7097464
10063937
15587401
910285
1252846
22022581
285879
23970662
24885403
7004401
1620216
2871265
5941034
32487382
1233346
4157575
2034822
12114107
2129782
168609
13293756
546678
133877
9982439
24232091
16970848
5940999
779955
1233340
6524226
27970912
24917736
24187428
20741076
4358338
21595579
23701071
4157141
18311785
24438021
4224429
56112
5140949
66294
8834365
8619670
7309251
8010901
9367140
