17095424
16849891
9273213
17624940
33063574
19982472
20202260
14719749
4829
12527607
7226271
25157150
20877243
892423
10468626
9263166
191671
33596384
33466272
26793628
23680069
5848107
32253368
17900369
6643066
16734495
1785842
163225
191221
8475260
9590026
23924923
5803885
27990911
13006615
1214510
18488916
18872710
23753805
30604215
761729
558228
326360
518021
7960760
5092034
26755297
19168724
28873166
4640376
14991183
1467664
9597864
28167271
21513987
28309161
31669715
13795906
18149615
1762563
25390795
12464730
20988466
8273766
25835212
41165
369321
30970061
8288854
952910
7271312
1635723
2704668
24260804
8390122
32238819
29281376
13655048
18727961
28859114
13342588
14343882
170734
16830042
1890062
10954236
23484855
11597084
33395104
20450575
6679639
1137305
19104145
11407590
8894643
14451446
8852773
1521544
14558783
12902352
