4223647
12790215
532786
2316099
26783
20874327
10959012
23241908
9086908
127606
18349117
22355397
16879247
3727086
19104145
9590026
2416735
4877769
23764069
7266090
191671
19479719
888600
11597084
22204
13159454
7226271
30840419
17314024
177971
6643066
26075932
13850137
25479699
31714403
25803872
3847639
27532015
3716308
4709413
26755297
3210396
15981021
15065942
28152237
32512425
15089979
27172562
31443746
13553672
6203638
29323281
12917541
70838
4969040
16293340
33445547
28624895
15589113
5161617
29619032
25720628
8390122
6173324
8475260
11354660
7805044
22579573
381681
14728341
31009599
23753805
21917386
21782304
24519548
20877243
20202260
16966883
13938552
108488
658871
13725451
6008273
19836419
33400863
22636503
3541963
23682426
3681816
20273656
13563231
156666
30928218
542326
25199516
12844428
570253
1050513
25555388
19033026
25715228
29471278
21823586
11884806
7013220
17706858
23443725
16023262
24130044
19626582
2005942
25232935
1275574
33365665
4914760
19326279
28436797
361427
30867074
2223586
12902352
644409
1601826
3786214
18445766
5536466
131819
14991183
12649010
6783196
33603124
8453015
26789257
16473037
4206483
13986886
13312274
24416892
12470284
25283606
6679639
33347385
11217748
32775256
19168724
13757715
1638240
17095424
1214510
1635132
382080
14815466
2228360
3405117
20670943
29564719
7262090
204987
21324268
14619309
5323044
23293911
1957175
3607265
31719768
28815812
13079624
49022
5490835
1119420
7483233
1570777
26003181
18296556
12354853
26822262
33337587
27031779
715297
23582501
20234622
7535368
1095140
10981741
29568136
326360
9806128
27871514
20884348
3286508
544545
642394
8161310
6182283
26181180
13795906
27711947
827528
30017994
33596384
8894968
5848107
14140816
10090352
12063596
23378180
2870736
3695661
14391900
29057990
3884931
29426527
17521803
6794846
18476556
369321
16970933
26664107
31303687
699394
12894812
15227230
8526894
10818028
20685531
20202347
3663928
26073804
25747081
21467204
20947272
14486915
8548819
25904105
31983690
8273766
28072904
32264378
6342939
1213498
9472116
1704266
19504015
10550866
1645428
952910
13892169
23929643
4583977
29452463
1061681
22786998
7747976
89654
3345245
28962172
33026027
5561552
3838590
30090474
18313324
20686689
24952120
29474615
6616230
319442
30019409
18502304
27577662
24049579
28197207
13006615
26703659
18984622
3169609
2575692
1651858
30482758
23936254
15315890
4640376
5803885
30510773
6292571
18149615
6644701
1980994
29304308
1622094
17152763
1971847
842485
31406626
26829481
33227292
1229329
22408463
11356561
8088070
102001
1252570
33649496
14088333
23544607
9070615
17145142
19130523
8561173
11091449
10895466
355087
33306349
10468626
20988466
29476125
26829386
19982472
8275921
3830563
23944694
23916905
12947594
24199169
32421934
4927844
29199645
33196907
17674456
27370287
23621492
11832001
12464730
18418767
13547875
31751448
10146077
9078609
12857943
22628238
13844859
32126452
17900369
15738845
7203365
183577
21075776
16238447
22148026
4528144
17579577
22171716
29165
22853674
24187511
16796489
19262410
16355500
1505547
2615991
28149247
4464179
11272189
26732373
31300223
4743906
31740802
1355339
30359916
17344050
7193086
29686292
28958172
24223164
24861672
13263908
14031054
25099053
28859114
8245321
9273213
17718971
25597440
19032811
15739408
3167911
24211695
24692062
29399090
12180202
19915295
11448121
25470655
30131574
8288854
14621102
13883195
3449615
3138040
122366
28374447
9859435
18872710
30865264
4735273
31156838
28264157
15365404
1497824
10954236
27387309
20450575
22480165
3120079
31303758
24147719
11437379
24260804
29517067
1635723
29721092
13174972
7587609
26160076
722420
829399
191221
33629092
23680069
2922279
2902088
16442417
458866
21842646
31669715
21138110
15875034
27990911
33593798
13482434
1760817
2011001
988906
25204979
18145421
18713464
18760981
2894768
2955736
33063574
16932747
3306826
2379813
20707972
2499774
15348698
25835212
13480356
7311904
12179384
4263639
13596074
13655048
12678087
30607885
10496488
5947406
9582235
22170752
12186623
16695570
5841293
30667715
21513987
7770269
15018951
2049563
31403039
16849891
29281376
24130352
24763423
9018749
9244397
23994919
2703740
22242097
15791683
33466272
13030
2606161
22258588
29718327
32796304
10604650
30760215
32646703
32873629
2405415
18328379
32229185
23752624
23101888
2117789
1687070
29684219
8971294
25390795
13276910
19210030
31302912
28632478
16524964
11061798
25407091
31342185
28426606
14015235
7631272
15072386
10591795
12914888
18263475
12680383
20613369
95452
26749814
15917189
340167
3016255
20903281
17624940
31773410
28901598
2073782
18910054
18348660
6004425
797218
18288385
3329902
168241
4346938
2676111
12177149
16128208
15822333
11853217
7409172
11994182
23740963
11942476
27871658
13672930
3441384
9866897
22419332
33373430
8356690
23997810
2026752
129023
6491221
1137305
13317108
23484855
8962587
6077360
658788
3881867
31751881
32977530
15925034
27921855
21425024
11585237
15003052
21775980
12691546
15088486
27038808
29206434
9554255
358869
2794723
10216884
6306633
13632123
32253368
22710611
1550323
6828487
31800
19737324
2282049
25969612
27301398
4861212
31049434
2704668
1524513
15203022
892423
356758
999792
134369
3214357
25206829
18727961
13727860
2214713
17912819
18634038
27554300
19957174
1886874
12548835
19140455
29219106
22845789
20383942
27301612
2797823
20692297
18650474
93916
32526740
1686998
10995845
19902513
30762272
11715670
14352196
4849871
15219398
15763739
4777959
23390363
2157970
2322556
33546167
13739922
4483666
3313267
7050376
955472
15308348
1097631
968267
2462149
9729199
8004332
29481631
547553
2059406
11201679
3214985
12966979
28230311
4252109
2244749
1890062
4829
11011059
10102589
31639638
23734883
15537654
4381573
23431213
9597864
5560530
1475128
20296509
18296403
15188542
30498001
5489318
496880
27089306
4035826
30604215
26562450
24349469
33561202
19857577
1328930
17302555
18910125
3444007
4057846
22257220
32005437
28361511
7075130
29608113
17266849
5092034
378634
28576897
1275744
18488916
7585051
1108556
26793628
32626119
11677398
22653491
17966919
1467448
14018810
16337475
15709891
31388537
24076692
26210585
15883092
3392436
24168568
10526925
19736542
33468655
31617571
12607571
27067861
23683650
25224025
20833214
1762563
108965
18774138
18168069
5671944
8678961
3607059
16014688
965452
13842357
6884901
28388120
26258200
8748202
9434339
1313342
1467664
11909795
18906734
7373989
13605770
5974605
6834597
5610061
5815331
36031
1674103
27422335
2694366
17030005
41165
694672
17246989
18511085
23741950
110449
3750412
3271062
19936759
26131419
14558783
2628570
15288736
10596309
10975214
1785842
5587339
28705634
10329798
8029923
18341450
19555870
16669316
18194119
3955613
3090712
23245219
761729
19643082
5490978
13342588
12771058
31996249
32742522
23988108
436371
32086626
20928692
2612265
2721404
490077
760673
4338328
