10106281
28426606
32646703
26003181
3847639
17966919
32873629
761729
4914760
1851934
15883092
4346938
3306826
13795906
27990911
6588949
15709891
9597864
6834994
12902352
2575692
5671944
3955613
8475260
4852918
1550323
553874
33106715
3440089
1505547
21917386
2703740
23378180
7587609
5536466
15589113
26829481
18634038
15925034
3716308
9472116
9244397
29517067
19033026
25204979
381681
3405117
26258200
10526925
11597084
28230311
23390363
1137305
31443746
7226271
2612265
1097631
2322556
6173324
30865264
1570777
15822333
32796304
25969612
4829
17314024
5489318
18727961
2405415
12921027
18984622
20703952
13672930
27610775
31639638
2704668
20874327
26783
3138040
18111912
17669485
21782304
25906452
29568136
26755297
6644701
27278779
14031054
26075932
319442
33337587
8356690
1487608
3786214
32884170
33056698
14621102
532786
26160076
4464179
1475128
13727860
326360
2228360
18476556
25715228
25561244
22148026
12186623
4381573
19717703
15537654
19626582
22867522
2615991
5561552
8245321
8962587
33445547
7191377
13159454
32526740
5490835
31403039
29471278
29481631
145733
7483233
4918748
16238447
8297352
32253368
3392436
4709413
29643355
25687963
15088486
1275744
13218562
5974605
4880967
23245219
18149615
2511501
2005942
30970061
25206829
4483666
12425862
369321
8029923
25555388
17246989
3214357
2214713
11091449
32775256
26749814
21823586
33063574
20685531
7193086
33561202
31617571
6884901
3169609
3167911
327476
28384594
25720628
24187511
32005437
14451446
4583977
13119106
31983690
8161310
18313324
32742522
30867074
3090712
9582235
8578418
191671
842485
32421934
877145
829399
6342939
18261753
919489
2797823
33546167
19857577
13757715
10959012
1635723
3663928
30607885
10329798
31996249
4252109
12966979
23753805
2902088
436371
19946015
16734495
358869
1888720
14391900
10233022
8561173
2416735
17655492
28142143
17145142
27067861
27532015
9733612
5815331
30928218
15018951
8453015
22171716
10975214
10216884
382080
16293340
20877243
15219398
7265937
10895466
15228252
11942476
8602536
6248956
14823255
31669715
11201679
15227230
8088070
8275921
16966883
7311904
9490900
2870736
33629092
18194119
204987
15791683
4630554
13276910
31800
13079624
12917541
23916905
17895910
1095140
642394
3090402
3911529
19479719
25904105
4870014
30498001
30840419
29608113
14815466
15288736
13482434
715297
9018749
33596384
8894968
95276
18445766
28149247
1980994
999792
28705634
5848107
1674103
20202260
1601826
28388120
33649496
13892169
17302555
16355500
3607059
28309161
827528
7631272
5161617
3286508
28152237
8678961
30482758
22242097
28436797
11437379
1229329
13605770
14719749
2462149
3345245
542326
699394
18774138
12872294
1638240
19168724
24952120
12548835
1497824
30090474
15981021
2157970
5947406
23740963
16669316
10591795
3271062
16796489
11356561
6643066
10102589
17837829
10550866
19104145
14140816
28624895
134369
13842357
33306349
5560530
1491852
9434339
122366
28576897
26664107
2223586
11715670
20707972
16014688
11853217
177971
2922279
5841293
6798921
15186146
20541463
19957174
30131574
30510773
19032811
3695661
4861212
15365404
11677398
28330806
18906734
1050513
33196907
28197207
1886874
24861672
735496
12691546
3101975
12678087
27172562
32977530
25232935
22710611
10818028
25803872
191221
16615712
16337475
6828487
5803885
27554300
892423
24076692
10042775
6491221
23988108
16524964
110449
12680383
11823251
24763423
6783196
28639220
340167
6877256
33468655
15738845
27370287
26822262
14558783
17521803
13174972
29399090
3838590
17090716
17152763
32126452
31719768
3425938
27301612
14869918
1760817
21075776
4969040
9068015
95452
6203638
2694366
3120079
22170752
3441384
31156838
5587339
11884806
49022
4206483
2073782
18296403
28815812
16442417
22204
29206434
16473037
4035826
25407091
1524513
3830563
10146077
1890062
26703659
23929643
25390795
15003052
570253
19902513
23169183
24039754
23734883
1686998
27871514
4777959
9078609
31714403
10604650
1762563
14018810
23484855
18296556
25560266
5490978
108965
29296721
4372106
18145421
7013220
23525724
20234622
14991183
6004425
32238819
31832900
168241
13547875
9806128
21775980
11097549
8548819
6008273
24199169
28958172
22786998
20833214
968267
1785842
16932747
19555870
14352196
19140455
28264157
9554255
25597440
30017994
30667715
23169641
6077360
3541963
93916
32160201
22636503
4269387
15203022
12470284
19915295
31009599
183577
2026752
30760215
13563231
14198963
6679639
23431213
23741950
24349469
7266090
25835212
31303687
722420
31740802
29281376
7192160
2606161
32626119
2955736
12844428
20202347
378634
30421343
30321010
2059406
26181180
6788778
5006423
14015235
29474615
4877769
8004332
29323281
17579577
33593798
18168069
18263475
28901598
15917189
544545
7262090
2011001
12177149
28632478
163225
14343882
23682426
21138110
1119420
518021
33227292
27711947
8748202
8390122
13986886
3313267
32512425
8894643
8048325
615604
22653491
14088333
23680069
7535368
14619309
4640376
8288854
8526894
23683650
31751448
12520575
2794723
10954236
13938552
29199645
2282049
644409
2316099
156666
1355339
2711536
3895800
14556018
12894812
2244749
22258588
10496488
33373430
6182283
5610061
6616230
24813868
30762272
11448121
26073804
70838
4528144
19326279
15072386
31406626
19736542
30315390
11802885
27301398
20296509
19982472
7075130
23752624
127606
20928692
356758
6734243
11354660
19130523
26732373
7271312
1388323
658871
24260804
24416892
32264378
3750412
33466272
18488916
7050376
33365665
15089979
29619032
24130352
3449615
9590026
16695570
18511085
13553672
16970933
7805044
25747081
23997810
20450575
28243252
2379813
30166863
1971847
23293911
15348698
27387309
1645428
3823390
25099053
33395104
3016255
20686689
13116203
10468626
31302912
24519548
22397196
2894768
30019409
26562450
31049434
988906
355087
29165
8273766
23944694
13480356
15315890
18349117
29564719
22556798
28167271
2379168
29686292
4223647
33400863
27572651
22257220
23994919
558228
20273656
19936759
23476042
241236
26131419
10090352
24907813
18650474
7585051
41165
1687070
17674456
12527607
