406917
27577662
30315390
10975214
33365665
27532015
23378180
7013220
25204979
22867522
1601826
29399090
3895800
6834994
861741
2244749
17152763
8297352
3508520
6679639
23385986
13727860
28152237
6306633
29452463
26664107
15188542
14991183
13317108
33395104
19717703
20947272
7271312
8356690
2694366
722420
1355339
7409172
183577
13842357
4877769
12186623
2711536
33596384
28426606
12790215
28958172
17095424
1760817
32512425
10895466
2059406
13116203
17246989
5803885
5092034
22710611
31049434
20685531
25206829
9472116
6877256
24130352
14352196
30321010
30017994
8852773
23753805
28873166
3444007
204987
2870736
32253368
18476556
3345245
21842646
5587339
381681
25283606
33561202
2005942
3306826
634447
36031
4927844
715297
7265937
12607571
9070615
10042775
1851934
28115738
842485
7587609
31832900
13079624
19982472
14015235
4057846
3214357
26075932
827528
28639220
10596309
32264378
26559311
17145142
3695661
17655492
16966883
16615712
15088486
3838590
12921027
29323281
6794846
23924923
1213498
31303687
32005437
26160076
8971294
25390795
19140455
93916
7191377
13892169
11201679
4829
28624895
4346938
29476125
5947406
29165
25099053
24692062
1704266
6644701
19902513
11875801
31342185
33063574
15203022
11909795
30867074
518021
8602536
129023
18872710
2223586
49022
28167271
20541463
3716308
18445766
12063596
19104145
25232935
23169641
10886964
1275574
32086626
1505547
5561552
32238819
26562450
22628238
127606
16669316
919489
13342588
10216884
21138110
496880
8161310
11091449
13986886
2499774
13605770
29564719
28309161
30090474
2026752
9582235
28142143
32160201
16734495
18713464
3884931
17624940
6616230
9554255
26783
955472
24813868
24870701
1888720
9597864
33593798
14088333
7266090
1467448
6248956
18727961
30482758
1095140
89654
22170752
25747081
544545
28330806
27572651
11272189
7585051
12548835
23929643
9273213
31403039
12857943
8894968
1622094
20686689
30604215
1328930
31669715
4861212
17706858
33337587
1635132
5560530
31714403
15089979
20613369
11597084
458866
11585237
27871658
1624551
5536466
21075776
13263908
17674456
1097631
30166863
108965
12203216
4630554
13174972
10818028
7075130
3663928
5841293
20670943
1061681
26181180
358869
18328379
3425938
15925034
18488916
10591795
2282049
13739922
10496488
27422335
6077360
23101888
11853217
18760981
3441384
988906
10369762
3681816
3169609
9244397
5974605
15709891
13006615
694672
19231
1388323
12678087
27301612
3016255
1491852
32126452
326360
1313342
7535368
23997810
19555870
6798921
29564657
7311904
17389635
17718971
968267
14556018
3101975
27031779
20692297
25969612
542326
31388537
16023262
25470655
4969040
1229329
30760215
6004425
13218562
2794723
5323044
27089306
19915295
15072386
23916905
23390363
11061798
4252109
7203365
26755297
11356561
19504015
327476
191221
6008273
30239604
15018951
6834597
4914760
24223164
18145421
16014688
27387309
8578418
15065942
23582501
24168568
30019409
33466272
14815466
23936254
14621102
21906134
29684219
15981021
29608113
22257220
33649496
12771058
2228360
1497824
32626119
8475260
3830563
8088070
23734883
6173324
319442
30865264
3138040
25720628
1886874
15288736
23764069
20273656
18288385
16849891
3405117
3271062
361427
30667715
25715228
7050376
134369
1108556
31406626
23944694
15589113
25479699
26601036
4849871
2214713
33347385
9086908
13276910
2955736
5610061
4918748
33196907
11011059
32873629
18906734
5161617
13119106
27038808
3090402
26703659
15883092
553874
14719749
14031054
18341450
22480165
4528144
32229185
829399
27554300
28197207
642394
11823251
6292571
13547875
23988108
15279400
17266849
2797823
33468655
4269387
4735273
29686292
32526740
7631272
8004332
29281376
19130523
9859435
13312274
1487608
28149247
892423
9068015
163225
32647913
22204
26210585
1101711
11677398
18910054
22258588
1119420
24076692
24130044
24260804
6182283
15917189
19946015
1971847
5848107
33603124
145733
356758
23680069
25235982
2073782
8561173
378634
8526894
17344050
12470284
23683650
17895910
19857577
1214510
29199645
4104121
952910
21782304
9590026
22556798
340167
17314024
31156838
21467204
8678961
15791683
21513987
19626582
30928218
30762272
27990911
8029923
22786998
32646703
17302555
16695570
1252570
17966919
14823255
14343882
23741950
29426527
3911529
2676111
27160862
3881867
22653491
33445547
22355397
