10604650
20450575
31303687
30840419
33365665
6834597
29474615
11217748
14352196
9806128
26749814
15279400
4777959
18296556
1061681
15981021
8390122
8526894
544545
1371184
27301612
634447
22355397
13218562
29476125
12607571
9554255
29304308
10233022
7894457
3607059
26258200
18774138
19262410
32238819
12914888
11091449
5489318
1888720
1550323
14391900
1651858
41165
10954236
952910
18634038
20703952
14140816
23936254
16966883
14018810
31832900
4918748
28361511
16473037
10550866
1208983
31719768
26703659
24187511
93916
10106281
4104121
31983690
27554300
32742522
29399090
28815812
8297352
15763739
191671
27711947
7631272
25224025
9729199
20685531
18476556
23924923
28802071
10995845
145733
1097631
1521544
14991183
11437379
26131419
20670943
17669485
32626119
378634
28115738
20928692
19957174
797218
13605770
1467664
3271062
33445547
8602536
19032811
32775256
18713464
5561552
3138040
30359916
20692297
4870014
33347385
16293340
532786
19130523
19736542
11677398
13725451
28230311
28264157
7226271
29481631
23752624
9590026
49022
382080
1119420
17246989
13727860
30865264
327476
3016255
13672930
11909795
16970933
1213498
25597440
2223586
18502304
3881867
27921855
12680383
4252109
15203022
827528
23621492
3286508
28639220
892423
22204
12063596
29426527
30131574
3716308
3838590
1635723
3090402
12966979
28243252
2005942
18145421
127606
29568136
18261753
25283606
18727961
12844428
1645428
20988466
4640376
21906134
2575692
2282049
17152763
2794723
7585051
6077360
615604
31714403
27422335
19326279
15589113
29517067
1252570
829399
108488
518021
10897839
23484855
33629092
3895800
3313267
31009599
33196907
4483666
3214357
1355339
9859435
17624940
33561202
29619032
30019409
12203216
30482758
2214713
134369
11884806
1622094
6884901
2049563
17912819
15308348
361427
1686998
7960760
26829481
15365404
17718971
16283538
24260804
2157970
20202260
999792
16669316
31800
4372106
18263475
12179384
3823390
15348698
7805044
18341450
3169609
2694366
20833214
6616230
2405415
30498001
19210030
27160862
8288854
16796489
7266090
33466272
29206434
19104145
2703740
29564719
26601036
25561244
2955736
1687070
8088070
12894812
13596074
11097549
31740802
13482434
3425938
16879247
1388323
29323281
13480356
4709413
16849891
18296403
1624551
33395104
12464730
10146077
6783196
28859114
6788778
29471278
26664107
22419332
29564657
23764069
8894968
27301398
861741
22397196
1229329
9490900
20707972
8962587
23525724
3847639
21425024
436371
13553672
13116203
6004425
24130044
11994182
13342588
1050513
2379813
13006615
27577662
10496488
21467204
16524964
30510773
4057846
8894643
23443725
18910125
70838
11061798
12180202
20234622
7203365
17095424
735496
2797823
30928218
3167911
19190695
13263908
6306633
4927844
19643082
95276
2612265
17266849
19504015
36031
1980994
16238447
31443746
7192160
14088333
18328379
1785842
21944173
2322556
8561173
15003052
31639638
7021148
23734883
32126452
3911529
7271312
6643066
22556798
1487608
12678087
13795906
5587339
5536466
13986886
2511501
9733612
25204979
11823251
24199169
31996249
17706858
24223164
33056698
1851934
10042775
326360
15925034
15709891
25703797
25390795
31156838
9434339
28072904
23944694
22786998
191221
17090716
13842357
31049434
23245219
2922279
23431213
24211695
23544607
658788
27031779
3345245
3786214
31751881
18445766
7373989
177971
21842646
15065942
6834994
12857943
5490835
32005437
13276910
3214985
1601826
29057990
30607885
22853674
33227292
6679639
2416735
29199645
24813868
24349469
19479719
919489
2228360
28705634
25904105
26075932
20646640
28388120
29296721
10818028
14869918
24763423
20884348
28142143
28309161
32977530
24130352
25715228
26822262
14198963
27532015
642394
9472116
163225
7262090
18488916
28901598
25157150
27572651
4849871
33603124
11715670
27871514
25199516
129023
20383942
5803885
26755297
23680069
9086908
1524513
3090712
547553
13079624
29165
23169183
355087
14031054
24519548
7587609
33400863
23101888
6588949
2390074
2615991
13850137
2606161
23682426
17521803
18418767
24039754
21917386
7191377
28873166
11832001
33373430
1275574
131819
7075130
10920174
3101975
29608113
1638240
28962172
12527607
715297
12548835
13547875
23476042
1971847
17655492
3329902
28330806
24870701
8548819
28958172
2894768
33546167
761729
2244749
3695661
11543068
358869
25969612
26160076
13883195
5815331
26003181
10468626
5841293
1497824
25687963
10090352
25835212
7311904
18349117
11448121
9070615
26559311
18760981
25555388
15875034
12425862
11011059
89654
27387309
11942476
3681816
27990911
19140455
2073782
29281376
722420
18984622
11802885
12947594
10596309
26562450
10369762
20541463
33306349
888600
31403039
30604215
25479699
22710611
22653491
8161310
4829
12354853
15288736
241236
30017994
15917189
29452463
6491221
877145
11407590
33649496
19555870
3727086
27370287
20686689
30867074
29971301
319442
11853217
12790215
4206483
6794846
9597864
11597084
4223647
16014688
28426606
156666
1570777
20202347
21587677
28632478
19737324
26181180
11272189
30239604
4464179
5161617
18872710
6182283
2011001
16128208
5006423
3405117
13563231
21138110
24049579
26732373
28149247
10329798
18149615
15219398
33334845
26829386
12649010
22867522
3884931
