18502304
3016255
4880967
15883092
5006423
14823255
6004425
13986886
29564719
12680383
23582501
26789257
8678961
29474615
15315890
23245219
7535368
31303758
31773410
13757715
7265937
13655048
11909795
22480165
15822333
2499774
12966979
14198963
31714403
2073782
18296403
12902352
13844859
23241908
458866
30321010
10975214
761729
658871
10995845
24130352
11356561
25555388
6794846
32873629
26562450
17966919
3120079
7262090
13263908
3895800
3881867
29568136
28815812
30607885
29452463
26210585
17095424
2462149
168241
25715228
13276910
8453015
20988466
29564657
22867522
1550323
11832001
3449615
13883195
10496488
18261753
20928692
5092034
26829386
89654
21467204
15365404
131819
14719749
31983690
18111912
2157970
19626582
4223647
6491221
22786998
16128208
5489318
32160201
12464730
8004332
1061681
20877243
542326
16734495
31300223
3607059
23753805
19104145
1355339
14015235
29608113
15072386
31303687
11942476
1214510
1497824
12177149
27422335
1521544
20541463
8548819
1491852
10818028
16695570
30762272
15018951
32512425
10591795
1980994
15917189
29476125
17895910
9263166
19915295
326360
18757336
23390363
15308348
3955613
4263639
18910054
1635723
16830042
30315390
12179384
3306826
12921027
21842646
17246989
25470655
29619032
1704266
2316099
16796489
10596309
26783
18328379
4743906
8048325
827528
9582235
3210396
1101711
31156838
4852918
29426527
21917386
14621102
19504015
4252109
16473037
5671944
25157150
9859435
7306142
5974605
24416892
3271062
23443725
95276
18194119
8971294
9086908
21587677
25232935
16355500
24039754
340167
18634038
7266090
2628570
15791683
23544607
8288854
29219106
5490835
7192160
1275744
25561244
658788
22710611
19033026
24813868
24168568
28197207
1674103
5560530
21513987
