26160076
18774138
14018810
28901598
3101975
570253
19957174
2005942
2026752
18288385
2902088
1101711
1491852
28705634
2049563
6643066
25720628
21823586
11097549
378634
988906
1760817
14869918
26075932
1622094
11061798
23378180
11585237
5841293
16337475
25904105
24952120
95276
30510773
1505547
14451446
13312274
17912819
1467448
8048325
8894968
26829481
2214713
13119106
31996249
7631272
131819
6491221
20202347
33466272
6248956
3607059
13596074
17344050
3830563
1686998
19033026
1252570
28639220
22419332
5848107
12520575
27089306
5803885
2955736
2575692
2711536
13883195
27160862
28142143
32264378
1521544
13480356
1497824
7535368
1137305
458866
16615712
24349469
11715670
8578418
10329798
18634038
2390074
13892169
28576897
490077
21425024
9866897
15089979
1061681
32229185
33561202
19504015
28264157
4877769
13276910
31832900
6798921
31342185
4223647
10591795
20884348
11802885
829399
23988108
12914888
25206829
9733612
3911529
3210396
134369
28167271
26601036
10886964
191221
16796489
7266090
18511085
7747976
12902352
33306349
15018951
28361511
3405117
18488916
28962172
30482758
10604650
156666
16830042
3440089
9273213
20646640
22579573
25835212
1467664
28624895
19104145
29608113
21138110
29426527
17266849
31303758
16473037
95452
27067861
29199645
14823255
16695570
32646703
3090712
18872710
842485
21467204
7203365
6788778
19915295
25597440
8161310
15739408
15365404
28230311
28436797
1890062
13317108
26829386
9472116
17152763
13006615
2794723
24147719
11884806
699394
26822262
5815331
13739922
21075776
33365665
13459002
7265937
2797823
3306826
10895466
24039754
9806128
4735273
4381573
340167
18910125
30667715
13727860
26559311
20707972
13482434
24130044
14088333
29452463
18111912
19326279
24907813
14815466
1645428
18757336
265712
33596384
2694366
30433487
2870736
12947594
30865264
2615991
28072904
27990911
27577662
29219106
15822333
29564719
14198963
22636503
19140455
10090352
2379813
7805044
28384594
10920174
17314024
8748202
30315390
14391900
3271062
31983690
6306633
33395104
12425862
3786214
30970061
23582501
3884931
16014688
3444007
29476125
16734495
30239604
4743906
382080
26664107
2073782
12354853
28958172
7306142
3286508
108965
25199516
20296509
8678961
1888720
28374447
27301612
547553
19190695
1635132
177971
33337587
5974605
29281376
32884170
10468626
12790215
27370287
3345245
12966979
12180202
9490900
129023
31617571
13672930
32626119
8356690
888600
22480165
12894812
25204979
4914760
27031779
30498001
21842646
1275744
3425938
3214985
24211695
6077360
2511501
12844428
13263908
23994919
32086626
27278779
7262090
24168568
