7226271
4743906
8971294
2704668
15072386
10102589
127606
31639638
31719768
23752624
4464179
22257220
9244397
3167911
23929643
17344050
26003181
25224025
15188542
30090474
31403039
12425862
13795906
14719749
3306826
6788778
1213498
7193086
26181180
70838
11909795
7021148
1095140
29165
18313324
23753805
12203216
11448121
29219106
28361511
19957174
1487608
7747976
1686998
12186623
20707972
3101975
8288854
4483666
12520575
18906734
8962587
10526925
20234622
19190695
570253
6182283
1137305
21842646
23997810
31740802
8029923
20928692
6292571
33196907
22171716
33445547
1328930
5092034
9582235
14018810
23741950
20202347
25099053
29686292
18910125
20833214
3120079
27278779
32647913
2676111
634447
544545
28859114
3444007
15288736
31303687
30604215
1635132
24187511
33337587
22242097
11875801
191671
21823586
32238819
31714403
7050376
7805044
20646640
2721404
19326279
25232935
31443746
4346938
14451446
5490835
21917386
16849891
9866897
23682426
5560530
1371184
25204979
22845789
4104121
12680383
4057846
7271312
13605770
15203022
715297
11823251
22170752
518021
26783
16442417
6884901
4927844
4381573
694672
12914888
1601826
28197207
6783196
4877769
18261753
33334845
2499774
29564657
1674103
13938552
13116203
4861212
13672930
25835212
3786214
9554255
23734883
108965
24813868
4206483
18910054
19033026
3716308
13725451
4640376
5841293
10886964
3090712
19130523
30840419
15065942
27031779
15875034
6834994
32421934
9273213
22636503
27301612
23936254
19836419
27422335
6643066
28384594
25561244
17244954
1645428
168241
490077
19915295
17837829
15925034
24519548
33649496
8004332
387440
10550866
26732373
10106281
9434339
27990911
16524964
18168069
760673
699394
6834597
11201679
19626582
13986886
33400863
1570777
14556018
30433487
1851934
95452
644409
177971
14391900
10329798
15537654
13174972
32884170
18872710
13844859
5490978
27160862
13079624
6008273
31303758
9806128
11715670
26160076
33373430
4969040
7262090
16014688
32005437
17266849
23683650
1229329
24763423
16830042
12691546
4918748
27387309
12966979
18288385
319442
24870701
3214357
5561552
3830563
5947406
11543068
27711947
12354853
22204
31156838
23525724
10981741
12527607
381681
12464730
7921447
797218
12177149
8297352
17895910
3607059
15791683
16337475
25597440
1890062
17389635
24349469
20686689
32646703
2694366
33593798
21782304
25206829
49022
27038808
3695661
32526740
102001
2379168
13842357
13263908
108488
658871
22408463
326360
1050513
13727860
1097631
19946015
1785842
16695570
27172562
5323044
29452463
30359916
10090352
8548819
11884806
29296721
22556798
23101888
28264157
14619309
8390122
355087
25687963
2379813
265712
15589113
9078609
3681816
6794846
18418767
24260804
20903281
5848107
22579573
14486915
122366
25703797
18774138
29564719
6644701
25157150
33466272
15186146
95276
33629092
19857577
11097549
3425938
2416735
20685531
18727961
32873629
10604650
21425024
27067861
988906
23916905
14352196
7894457
13563231
20670943
11832001
31669715
21906134
15308348
23582501
22355397
1061681
33561202
2894768
957763
3750412
27370287
18476556
28962172
29568136
21775980
14198963
11091449
17302555
1760817
1762563
22853674
30321010
8602536
892423
33227292
26258200
20947272
10920174
30867074
3329902
25747081
21075776
20541463
10496488
4035826
31342185
16796489
30315390
12649010
19032811
28705634
7075130
1208983
18149615
15003052
19504015
7409172
2462149
1275574
27610775
8578418
29643355
32742522
1957175
1313342
20450575
