7151675
32643735
22492959
291430
2399742
27945083
31540708
13261015
2463617
30066599
29544217
3634201
791882
986261
13531175
6364281
2472597
2409402
5994583
7694920
1579073
607794
6032853
5683281
27572768
32850161
463151
1170170
6568081
1846551
891715
4833687
25972194
7372919
31983005
2209922
749582
4465128
1928896
10234799
8726429
20623218
2757168
21295466
4678572
28321713
1595912
5865796
3112674
715760
576162
27371597
15353664
3903675
24120076
4280831
156754
23677977
2381892
7940295
17270429
203929
191993
29662602
2873409
17395
387644
2209681
26239234
1065978
2060104
31533238
1033788
21561349
1521338
2941957
14165430
14542263
26296206
1511893
22414556
25035805
20609024
18383725
27288346
7380299
32362790
1510547
7177999
4913611
19963621
946499
413433
7368588
5230098
8679553
1369473
4400112
7890576
5266044
