21295466
6145112
1632110
14937185
30874550
20713885
210458
6914583
10300434
13349852
1511893
501632
13896419
25162001
181327
2831943
26442685
7761338
7695339
12150415
1207268
2320869
1975888
32333512
548336
19134153
13261015
11516537
26046494
4588512
5085392
2446345
24100126
13246209
7368588
2860718
3742059
2921254
20325528
13162
16169299
9405663
6027409
12680193
8686846
37561
180099
17104529
5239153
1581831
15269342
3313373
7297641
32643540
6199548
26161687
5281618
2237182
6751899
20580717
2409402
1018471
576162
2602089
8565882
15353664
62149
18834067
1196376
31128
7966341
4255269
17346159
1694461
1464811
33131317
1612724
461601
16979280
5524712
13021374
28333457
27404285
20632
7372920
3871113
1435167
29924139
2341933
1949860
8717826
20567482
8104499
288636
3733626
23699263
24231396
4632090
2556981
22353039
4906134
11172943
1001707
167212
14271513
2276546
2924882
25075306
3377349
6525053
1466243
1529039
6886711
2487817
2831822
5791180
6907309
1046543
463687
7751578
5812114
1720902
990772
4101623
6750707
15139335
4153346
14088434
24865660
21166246
1218761
18764351
229274
2606720
7828131
6077173
1064386
17271834
21326249
1621839
22944347
27901836
3790961
29113331
2143383
12285804
8754555
3365504
25890445
5638784
5206733
32590078
21433344
2219861
1521995
25030392
12223520
13789005
33159833
30163215
4497308
19356963
493378
2024586
8745140
20696978
2520145
1298867
2967514
6300686
12181193
18961236
11231000
6672660
16574018
23918012
19161878
25681541
9649591
11511874
1328945
8925586
15007729
1752021
2320020
2539174
366183
15108730
7121051
5193436
232097
9075322
1205233
791882
33040684
27842489
208962
1273955
31973390
14194358
