2570894
2548512
3733626
3303247
1063168
8423500
24768
1336525
7149082
32853575
4849372
866862
2825280
8668790
2362339
24809736
486895
6968632
12971157
33087393
3414103
1134696
15353664
20975341
176562
2921254
6856942
3365504
10324589
29351348
7467258
16863160
25014610
4195409
13759568
22018614
3920757
2237174
6017673
2691547
6696688
1980219
3127015
5784350
2668132
1261552
16806750
5791180
2981869
15338834
494318
14426196
5594274
21295466
15349424
22176630
13289619
27384835
9810106
1205233
18486418
1921274
507776
28779461
5781689
8239198
4079895
1157192
15002680
29575906
3081668
4906134
1793718
265891
4427089
17121634
12848826
5853581
1676659
21795325
2293850
24232118
3374330
148866
11450715
1720048
17108063
2195974
490636
4074097
25355108
21183599
3366308
6578090
23459202
4513518
27941237
6059105
10367005
6855943
4152703
3622427
2531205
8358599
4457826
7185991
21512594
2151324
1162405
30871357
2977753
67081
25075306
1368120
11551264
13700562
19266695
1082818
25075386
332026
1044598
1202680
1167404
2187350
13698170
6168962
11511874
11065889
2558986
1118474
2276546
11172943
6126249
5887046
969027
24089407
17634819
19117015
946499
26392134
3337257
8856556
4581679
11065954
4984988
4222864
2606720
6762336
801055
29881727
2818937
9206774
13977408
2237197
2490359
1290173
31244772
4280831
838079
19137598
3644514
2409402
32187580
1922310
9580506
27940828
20603258
23510441
1225167
378128
25573714
2469179
17585042
383510
2394873
157973
31533238
31479512
6813273
22757645
31244211
22203812
2209922
4436061
21119258
13526360
17480934
28622602
26239234
5669302
8914490
14494750
629528
13426263
25166492
2849535
12308708
9224142
6529201
15114944
25892934
1703191
16673130
5474249
18534928
2399742
9528704
1099219
1270756
2621635
24671355
8679553
6721130
8881290
245067
13991713
28181277
5579702
634071
540333
7380302
3223228
466429
2335965
13784982
22403908
26099191
1046543
1173970
4812312
8754555
27842489
176614
1476092
25320889
14157894
18383725
2831943
18960791
2661403
18961236
21056565
20647756
14570292
3093642
17031486
69369
8835835
13891086
8664001
3742059
485487
25987216
2969389
1780076
11342632
12695127
11660020
4045760
20359091
2646568
7465307
10993971
17478003
5281618
20149964
5590376
32329734
390774
5615016
20211423
903808
7828131
5948229
5606469
1681794
254856
513399
21433344
20004392
446642
31020486
4588512
19338911
15426248
10234799
9930180
2112726
19092964
8840834
1474345
31622396
5861554
160227
6099133
9211559
3664665
433458
9239219
13631983
