1328777
4906134
9033086
1992423
2347159
1474345
4971595
14853556
26161695
6260662
23901768
16585
10090477
17855346
8823065
245067
3496191
10836590
1261552
902460
19317870
8645180
759942
6696910
27938397
30577888
13536553
2003927
19680709
26442685
740373
12672122
19470720
3058523
18231706
15269342
5606469
5869082
8820822
14937185
10971081
15457903
1089712
1747300
29533256
5398045
1493160
20144230
23738654
6489191
22150255
25075386
1056445
210458
4021831
30247400
15397979
1112987
3366179
1563752
5290574
2855828
14719555
1466132
8033023
7995596
3224792
17909691
1207268
3845351
16169299
15729233
4223039
22649592
1749002
15802575
862873
29657006
8726823
2113689
13789005
11675687
26226234
21873430
1099219
7215378
20215249
8947332
31973390
20211423
643367
432208
6856942
27905609
1521338
13616850
2412262
316726
29544217
6610957
25018637
3509580
7372919
6672660
23404379
4636852
4142376
12713184
2187350
1481177
595121
5284431
14265427
234224
1990283
24468762
7635860
9405663
36816
2334244
5664739
9090004
2490171
25732443
22176630
664470
21228105
4024651
30503842
18329036
351465
30860573
565451
5819524
5193436
6762336
2761281
14529502
9772214
2606720
27972727
27525544
3442980
31479512
1730071
17583510
27352001
17744488
4403905
9240685
2918178
3301079
29457480
9672854
25892934
1930232
1917618
13958538
6431476
211471
930516
12090450
14130702
6935974
6578090
9579214
715760
8413657
21318686
4315330
25806923
33309845
7382121
2457818
1660704
1625616
24024471
379723
16806750
922477
866862
22944347
3691444
12150415
1943651
23875491
1502304
4816279
164372
7427336
12850316
23105570
9205694
13509365
1217251
891515
1921274
2531205
2661403
4453177
31251539
22803117
5582242
3544970
7379536
7236389
8547339
390774
1368715
382905
6145112
27871534
3236317
421897
9061286
23013109
26693124
494318
5236949
2112726
288042
2461312
1240226
26434331
26942740
17104529
31540708
25287920
25021476
19125587
17270429
2843059
13021374
30618147
8242192
1939944
14715931
27835383
20111193
750350
14734420
15202673
27869409
25162001
18706748
13609323
1251896
4195409
344611
15941331
461601
1001707
3237509
5781551
507776
4885002
9830391
18912908
1581831
27900236
4833687
25166391
29575916
2213814
3008653
13734008
2548512
16979280
3945246
18681092
3663947
24646179
1510490
29470265
12735430
30147053
29796876
6692412
2903162
6292428
1453773
24326330
7382149
3995361
21194681
11520202
9075322
9688332
426998
5271814
19137598
17458201
31744185
32817780
6887352
18417212
9211559
1871960
1793718
2143383
15321950
2973886
6258782
3714023
8681929
3920757
5099394
27403593
2203557
19367860
25806489
5371863
5681557
24524113
26327926
4024654
19600187
33040684
7714680
14165430
24869743
9116683
11354135
15426248
26940794
6467009
7380290
1437812
7885234
13278290
15610370
614586
11215843
22045067
25114600
4243941
17734897
15044688
16615007
20030573
1687039
32049685
8585618
3008376
362677
2935645
23700198
1713113
7089
25054308
1282496
911377
13842321
27842489
684340
11156580
20149964
13231581
26983072
2932848
9272356
5281618
32643735
11395096
15402546
28449265
1693493
1310751
40331
11903764
2262309
26886595
18067981
5682333
29780205
799693
446642
690984
3215001
32878343
11423322
1668848
2375989
25030392
3979096
11034750
14367101
19264780
695323
30845
8649265
46875
20366719
18944151
24865660
7149082
2275957
6300686
9598178
8981774
