17293447
21834831
4310793
4024651
7433959
494318
24103547
6002410
23471426
2719447
29457480
17104846
7372919
5501075
13214874
1348489
5349914
4996480
390441
4247660
18136194
7465307
23592375
17734897
23404379
32643735
22217826
19150178
4195409
8464970
14853556
3937833
11382765
21326249
175650
4750279
13842321
14247202
344611
2781223
2545675
8101897
2981884
1272689
27384835
20819157
1498285
7751578
30148852
4611669
21819144
11562049
10741597
13912349
467066
5664739
32878343
6028442
6672660
4632090
9570174
7003929
27745332
24295113
9240685
9798923
26886595
14667833
5682333
30577888
378699
18172935
4513949
25672756
3897344
17318444
23466958
2927274
18064977
33274932
4768366
10971081
20819056
13591831
11520202
1169777
8841200
12850316
30247400
2967514
3338700
19079925
22224586
10483162
704828
22492959
2410378
5236699
1565902
6935974
16884570
4280831
9505785
10367005
382548
17109763
1368120
27403593
12773451
331204
4145899
22837487
25539308
1336525
15371613
4883403
4144288
8239198
27937157
15349505
6750707
2668132
15992944
24468096
14165430
2409755
5784160
2630148
857823
490636
2420852
25341247
329180
1319122
13231581
12580514
4906134
28286238
9138334
12581491
7380290
30796899
19317870
2517657
229274
2772690
22137651
28665720
21957739
4547920
2362339
301873
3268444
213589
5470295
13985417
630643
690984
749582
9239968
30618147
9090004
46876
11061652
27665702
14924525
32312134
8271652
3058523
18304858
22045067
17148574
27869409
2241152
1926763
985311
10836590
20858012
2936195
16187981
12290729
7380293
2825280
14715931
7837448
1009575
1247202
22190636
199662
4913611
33103853
26618931
3210739
14088596
369832
11450715
8726823
22403908
7536978
2783051
15108730
7940295
8238826
799541
5311133
8664001
9272356
16585
1239342
10477741
8409275
1411016
16998686
27977847
2873644
1645748
14002876
426998
5142054
1369473
2973886
291430
7379501
2219861
15457903
32046982
3995361
6467009
10906579
22631033
2168969
4581679
5665246
1154736
530481
16863160
23691763
314431
1328777
22203812
28564574
24959420
29470265
8706333
31622396
4856137
10429299
2831887
9116683
27287513
6889129
4984414
472278
31283250
2672214
2981869
15375137
26183938
15426248
1452698
23656466
4647823
18797409
18231706
14222647
12529443
27940828
3016720
21899236
4177773
956505
6727562
1166477
32594464
18779574
1780076
3160006
14689798
5606469
5385131
12243364
13059108
3633240
2927371
3957442
1050548
1510467
10258383
10410811
6978404
11516537
5436415
160221
7301586
1205233
25617242
27288346
2162671
25114023
531918
21454818
6412599
31329259
15114944
18486418
741168
576162
642702
24529652
3732161
4811297
7297641
1035159
5912959
12209015
466429
14570292
3176152
13089526
2059820
6751899
232111
2409052
21295466
787262
26442685
2491319
13545292
19514632
28172717
1056445
17340361
1641579
401838
42801
7025864
13700562
2031324
20720928
12027903
494279
2520145
870028
17280001
9313826
5911398
2209681
26929368
28368773
26629971
8461302
1300810
1958461
7966337
7828131
14320
21828
9372975
19125587
7516803
3245632
1405405
463109
22177803
1917618
28055625
7516462
14460745
27842489
25166492
18018318
16989905
548336
5220770
1860771
8017525
19862550
27598417
12848359
12123718
25605526
14211427
1631316
12551864
12695089
13740239
15240949
4207450
3742602
22661341
148859
28034065
2548541
1695329
1633634
167212
1999520
15293709
18617165
28779461
28333457
241559
20539257
1804762
2433827
409889
21280401
23901768
22649592
6696910
1446718
2558986
15861407
157973
6559322
23013109
18398079
13307578
29351348
15349424
18015775
24505779
13426263
3742059
2001439
19709535
26983072
5791180
27959000
6985714
351465
1764827
11660020
10629989
2386243
27856217
432208
4636852
21004714
2873409
2007817
4811262
2490171
25075386
25247016
33087393
24468762
1607903
8605110
25154292
5904402
8303483
2843059
3342275
14478631
2363548
4631443
2519811
7149082
23280201
11963102
5474249
18793523
2407124
31779110
740210
1581831
15725241
518883
3634216
6218151
4079895
2064410
8436040
5269525
1649676
16629056
3714023
3236317
8840834
899702
29452601
1476092
4775401
14714894
25820238
4145851
5085603
13261015
6896629
15310783
2034816
1379619
32848512
7301572
6484151
11993561
279460
5869082
31540689
