2691547
27404285
5058631
10450199
16961801
29662602
25114600
4440772
2784670
2838429
860925
5085603
4996480
8423500
21331634
1124192
2626421
229274
314431
7833535
15184853
1526241
25075306
3258172
4811297
7379501
30247400
14222647
13784982
24548230
1687039
1368120
21119258
21957739
5602867
16811046
26392134
4071127
5911398
2003927
10971081
18813037
4786233
11591411
12420159
1790687
29113331
13140338
1958475
148859
32590078
1922310
22625219
30341125
11061652
5737127
1124624
11993020
3148089
17108063
26528368
1658639
1354248
4984988
359423
14320
64085
1044243
8726823
13768404
6568081
11819417
5615016
2279490
533482
12581491
14937185
10266613
13487009
10197725
16034374
9075322
238118
33269268
3191167
1118474
7751578
25605526
666606
738173
30148852
2306715
167891
5085665
2234430
25012848
20567482
7966337
2005540
1249840
30420606
851087
19144348
1065978
24468762
1698841
3897344
22414556
24981966
7695339
61230
5948229
18724093
20588155
957208
1064386
956505
2165989
4259028
1046543
986261
8645180
9206774
25162001
6916080
2831943
2213814
7966341
29113436
4211447
4021831
567493
6872687
32487323
23948049
20960736
1113540
21512594
4258588
752085
2399742
1591500
18944151
57947
2029981
6038844
466429
19469726
7379536
333355
4768366
1809116
5230098
2408077
8956083
1365930
17909691
26296206
6489191
30585044
1251025
2831822
9100423
715760
9387973
6855943
1999520
13726393
19137598
14715931
899702
14265242
1282496
199662
22009016
8122818
2201109
25341247
8000815
33274932
28748772
1631338
20819157
3167961
6469494
33039521
3112674
3215001
18681092
20224427
403936
11597639
1560100
7301572
24434903
2885059
9328403
13740239
8835835
2198556
5371723
13526360
2241152
4229546
4775401
2222189
4145899
18018318
22944347
3176152
5793408
1217251
23535046
1289883
6199548
8358599
3790961
12392574
384143
463151
2924882
1918285
30861623
2229036
509495
3634201
25004045
16585
15300301
749582
1154736
787262
3377349
17494156
21312657
3293942
1836402
15139335
29575906
2237197
32878343
12356443
3268444
11065889
5544757
1731577
3442980
28034065
1483247
729782
22630005
30269192
271332
31675800
3844960
23392034
2400130
25355108
26929368
9798052
25161872
25772449
5125744
607013
8103391
794480
6696690
23699263
22353039
30163215
20720928
8417736
5749154
6094481
10470673
1495466
6529201
25368344
695323
8691644
156754
151503
13891086
13246209
25014610
24056098
19507543
27745550
11354135
13162
32087919
446642
3838713
2410378
12551320
7374560
2621635
22077886
6292428
3732161
1481177
2596578
1190921
2440181
4398548
2596586
15729233
2825280
14933365
8840834
23282313
4153346
23845893
1055010
2606720
19247806
20676825
6757791
9327603
5239153
3871113
409889
203929
164257
3670262
32970106
9138334
12587637
3285032
5079524
2208584
1359316
485487
2935645
776177
13332063
382905
5704525
420538
5269525
1033788
7301586
870028
31979224
2692577
16868373
24760112
7121051
394054
26239234
3974935
545410
288042
560571
16370989
10470619
3239869
4922800
27905457
1392834
26205158
9405663
12850316
6301260
3081668
10709958
4145879
1510467
9372975
16940958
4537209
1261552
1082818
12695089
21857718
20149964
25896216
1202481
31776136
6813299
865100
27585944
27419133
390827
24768
17585042
32187580
5109562
23529757
62168
15269342
3360477
22895121
2927371
23592375
3742059
14618512
7309881
8034211
1178891
841596
26618931
4678572
838079
54573
27665702
2420852
15888924
11562049
14714894
4788772
426998
27959000
1633634
2639225
1235074
26327926
25806923
2381892
142212
30291816
3008804
1525876
6721130
19029222
15540836
11516537
1460045
6218151
20844587
8737405
4581679
5385131
1625616
8717826
11161766
15526247
1139002
6060158
22834393
4315330
12441517
1169609
4436061
4885002
1155973
10301375
3896519
13502897
15349240
27745332
19784922
8104499
5073665
31020486
1071255
841344
6025934
4597907
599951
1613163
1893324
25876672
3304788
4589634
4194363
6696688
33309845
21433344
32605827
5639035
13261015
2143383
20183215
8967559
17271834
8686846
11260987
4057857
622998
26625390
463109
22045067
951010
8925586
25589775
11208857
11692282
9461930
4811262
8752455
5812114
477294
18067981
13503726
29452601
14425063
16574018
16747176
2276546
2458500
4500305
27945083
985311
1720048
1359358
27701594
20144230
1358369
9332497
1366483
2967514
24120076
3811574
28826404
25271445
23691763
4327148
25681541
7372919
19470720
27900236
629528
5994665
20325528
1972996
11631766
15397640
3307781
16930999
25016203
9672854
4855800
30624659
15139867
25042442
4759029
12737326
1466367
2153876
30147053
7117371
19217207
8026325
872876
183080
5501075
2941957
28267259
9688332
23498882
1247202
16573896
2564170
27905609
9224142
378699
17318444
1167404
25249507
17058463
801055
25244073
6002410
5220770
24865660
7183519
25114023
4547920
565915
25815652
24208652
31491392
1809645
33050577
20537095
1689825
4024651
13616850
1573938
1240220
13529240
3995361
21381687
30579588
13769016
1328777
5640241
5310663
2511128
28181277
10547330
5398050
2539174
969027
12695127
2779183
8249186
18699750
21552549
