1099219
26629971
1748038
13902799
26388185
675520
1920165
23811288
1801363
404956
3366308
5615016
9445458
25075377
22803117
213589
11231000
8565882
3896519
23114830
11908954
7230882
8271652
791882
27525544
273293
3201438
254300
1658639
12130512
25016203
24760112
25075386
27959000
23578833
26327926
476996
7128126
17216198
31244772
23297791
10413880
29780205
1713113
25161872
33050577
3365504
11859370
724786
601859
2007817
20960736
2936195
18288137
1207268
18656205
2953032
6693851
30765910
349527
164372
25042442
1368715
4436811
21561349
1120976
9667006
4106289
2408077
4808252
25317039
384143
1070039
20562039
7293542
15202673
26983072
1369473
25681541
1225167
331204
17108063
22486370
15371613
22176630
1664891
30247400
866862
1091408
1358369
5206733
320803
17909691
15383141
1681794
19137598
3159000
2409755
4530879
20632
4291756
1958475
1368120
20609024
11161766
22879365
2237174
22707066
1124590
13700540
2248477
1788888
57947
31828782
46568
159187
19842709
21345150
540333
26239234
21834831
5908316
31244211
6663001
12290729
5596064
25617242
12672122
14438917
12070548
32911382
27419133
7372919
5047488
25938879
620543
2548512
466429
9387973
362124
157973
10934241
2347159
21509473
6935974
148858
9959153
599951
32235589
7218
25287920
37733
4632090
31744185
17010573
1394809
4880668
463687
8487751
1379619
8130218
1066841
16863160
27746084
10470619
4856137
23257809
229274
24287581
14088434
14320
5371863
750350
27665702
9138334
28869950
15681429
3003037
25204524
2219861
15002964
2833143
2691547
2187350
7433959
7372998
1510547
13842321
9405663
2818937
7073214
176614
13349852
13769016
3541700
6916080
29658618
11520202
8122818
969027
27711280
31247676
5865796
24524113
665144
10827184
16811046
407356
22203812
167212
38879
27701594
1033788
18730188
18371059
23404379
23351095
1405405
22031467
46876
6914583
14265242
15383777
2649590
6688186
7712822
6431476
1251025
1873806
919523
4004191
16747750
7372920
2237182
28572615
7297641
1846551
27835447
4795507
2412262
3672130
6875688
5512158
4271344
29881727
6696688
2279490
3415016
32339018
19266695
4750279
21318686
5071631
4074723
3790961
18383725
5590376
24209018
1300810
2001439
353579
17115165
2211320
7149082
870593
12921608
1999520
5594274
13261015
2320869
10538296
1384607
530481
14211427
211471
7374037
31378254
2581106
6645943
24297012
26349802
17585042
2596578
28748772
147787
8679553
1848369
1844139
7112993
3307781
5704525
24024887
1788069
17589082
1529408
6970752
5311133
7536978
19470720
3333523
24981966
29272158
6904812
17478003
3239869
3058523
2229036
16034374
25266484
5921628
27972727
7382149
30147053
11006995
5681557
12529443
3224792
9061286
18912908
25573391
4006905
26879832
4784915
3884160
4059168
870028
404809
3320349
28449265
48212
5994583
619925
4537209
1446854
25143217
3688937
26790301
759942
18015775
20858012
2860718
8681929
2071127
6889129
5071550
4937928
240733
2614076
3835970
2175793
5679871
20892480
2147925
16001973
2680710
11081055
67081
2057414
1411016
7319728
9075322
485487
2556981
1943651
30558390
26886595
910272
13184580
22403908
11109131
2932848
29457480
6559338
4497308
9355313
30150652
8947332
2837891
3270398
7309881
2276546
7467258
801762
8727293
24232118
3143135
1157192
26056405
62149
1505809
24618071
25334710
316726
27937157
472278
24434903
523464
1081341
1525876
860925
30865990
9598178
2262309
1958461
20149964
13726301
3660372
3891366
7458186
13991713
7542096
7048634
5109815
22414556
19125587
6987720
704828
13738214
23614892
2293850
8242192
897934
10116421
23097081
3873418
8706333
10197725
314431
26024858
538419
15349505
1046543
19741856
740373
20456728
695323
857823
4074097
32250125
21552549
26226234
7516803
22137651
1613583
1625616
7103607
6094481
846874
20676825
2969389
5941005
10429299
8773037
18593703
5085576
28826404
8423500
22834393
247079
2954970
2941957
25987216
4223076
5259200
1526241
4420174
23592375
16868373
30341289
12551320
9019645
16267198
22131391
1392834
9630318
13332063
22190636
25013136
387644
1607903
25063521
776177
5670968
33087393
1622258
21899236
6300686
13447999
1560817
24110886
31824797
11993561
31989385
1359316
607013
15956269
10367005
12181193
10971081
3212907
12580514
1577220
5520452
31225905
6610957
1766436
29662602
19515127
3338700
26190438
421897
3127015
3414103
6598987
313194
4333464
26210294
151503
18706748
20144230
5085603
5398050
27871534
3210739
3979096
1365930
175650
697505
1505891
6525053
17104846
32032988
15601294
1374795
28172717
368393
15300301
4771236
12027903
30577888
32643540
704826
11660020
899702
6673470
25087021
666606
9091851
13582211
789633
7379501
1809645
13726049
2558986
26607091
18417212
25589775
32991580
3223309
30861623
12662427
40331
141836
1035159
25015845
6856942
6890795
9206774
2031405
1251109
13933102
4403905
29715186
732066
15941331
32853575
1205233
3366711
21183599
10470535
2052211
25732443
17855346
33274932
3056459
32333512
21004714
8828442
9328403
6593438
25801366
11525538
6887103
31307092
11659808
1779907
1009575
1270756
5677760
4636852
13958538
24605322
15375137
865100
25401614
8752455
5304432
10410811
9101637
9090004
8130357
24260238
1186042
4160529
12420159
4971595
30855279
6017673
17416369
4145879
4024654
15456155
18960791
4853961
9919414
14165430
30670772
25014610
4045760
21048248
28407475
9810106
469222
4772844
1645748
7374560
17585786
787262
4142376
3585291
25937065
1218761
1159706
23691763
29344570
17031486
32487323
4156488
5669302
3661279
8624019
19721214
12737326
2112726
7518753
187158
2849535
4513949
9100423
17480934
14529502
5869082
17695197
8585618
21168434
7833535
4265920
33040025
1290435
2259894
13698170
2399742
2362339
27598417
4055033
5442908
1302067
3202372
46554
23656466
12735430
12551864
23517483
4280831
2639225
9462628
7382121
25127324
3664665
4856397
7751578
10130628
488095
799693
62168
85865
1930232
3008376
1498285
15861407
