3342275
6935794
9270883
20892480
28034065
12392574
28732535
31378254
8881290
5099300
1836402
860925
15114944
7959603
472278
13059108
13332063
3224792
3124680
4465128
3414103
1579073
21795325
7089
4372756
2596578
26683130
30855279
26607091
6719960
9462628
3215001
2064410
7466599
8271652
19600187
24693871
936243
31307092
1860771
1788888
484602
14627890
704765
31311459
11379480
379723
11156580
24548230
180099
2201134
10324589
4258588
2639225
27905312
4436811
8784383
21561349
7372998
1926763
15338834
6145112
4775401
3201438
3496191
151513
4631214
16049463
3415016
25042442
9570174
6872687
665144
8769739
7433959
16811046
2052211
2203557
1840166
25355108
211471
16863160
2439354
4440772
838079
12423973
32882628
15310783
28321713
1362222
1920449
15941331
13912349
1871960
12253305
2548541
25793500
3811574
27959000
202533
20814247
28572615
32643393
2175793
420538
1386005
1302067
5304432
31776136
32048827
4142376
1563848
21747668
23868020
33273067
497794
4996480
291430
1471058
32819300
13307578
6489191
15084682
6696690
6559322
28564574
19137598
2306715
5371863
2403299
13582211
19134153
3517054
11660020
4021831
787262
13541990
31376281
614586
20030573
30773109
22190636
22834393
567493
1272689
11281360
25271445
6603272
17115165
13529240
6467009
157973
4833687
8605110
4161089
4382286
4074097
2946372
27371597
2914572
8173149
7751578
30860573
5436415
20144230
634071
4453177
13487009
12285804
2501936
32333512
7183519
3994725
7427336
4222896
2400130
23535046
382548
29272158
17395
19079925
7635860
4559064
1343569
254856
25334710
5679871
1867840
30865990
13991903
23882016
22879365
2190209
4768366
1694461
6890795
15457903
20033215
9019645
3337257
11208857
799693
359423
22203812
3585291
25573714
14872786
1645748
4652053
488169
5570367
9387973
19741856
1343556
24208652
12181193
28208408
33309845
11161766
14247202
10090477
62168
13246209
4812312
9405663
1611556
3455195
6600176
26285689
4427548
2630148
9798052
1460045
10483162
167212
1046543
3285032
9926192
1713113
2545675
4774015
24768
2311914
2921254
29924139
7379536
85661
951010
1728036
8727293
21857718
911377
7038731
15353664
2868065
9444998
12580514
4060538
28861395
16979280
16235796
24025135
9684589
7891779
5281618
5402482
1505809
25791126
1917618
6812429
4922800
5722986
20679487
417052
3421727
8849986
22217826
607013
8034655
1412877
11972010
25806923
7380302
8869555
8487751
16615007
24919121
16976538
2841918
3323651
17584531
4025015
1446718
6673470
17216198
797470
85655
2439429
1354248
18656205
29799092
188904
2024586
23767355
12243364
32742111
24024471
2279490
4929776
23097081
2446518
5071631
13891086
1780076
23243835
2831822
8841200
794197
4589634
1159706
14719555
21873430
6309715
12027903
12441517
9461930
20896507
23973919
1066841
4160529
620543
1660704
18974217
387644
1980219
1577220
1670781
2031324
1247887
26496776
3945414
23114830
8603844
14517956
1922310
208962
2674177
7536978
1779907
20242836
5143858
384143
2420852
1641579
675520
17031486
20359091
1270756
9092234
20713885
4647172
67079
4074723
8727091
698714
22625219
2005216
454514
5125744
31536632
5749154
2060056
23845893
14002876
9445183
2119760
4856137
21119258
21358361
922477
7465307
11423322
17695197
18018318
23147277
7372920
14927640
9332497
6660581
7068193
9959153
4372587
8461302
19470720
22192782
17585042
20589273
2381892
76723
3146924
12070548
21183599
1207268
1134696
20696978
1483247
802763
2517657
3538424
1921274
4259028
19217853
1695329
1566697
1664891
5311133
6692126
9239219
8242192
15402546
15383141
20456728
25801366
3967789
12551864
1953153
7380299
4795498
18250666
5085530
32362790
3258172
3191167
11562049
7236389
18724093
29715186
29575906
12737326
25114023
2175368
841596
3688937
8549517
31004287
16961801
1091408
5737127
3292004
382543
6032853
746979
20588155
664470
2727562
12735430
25065882
3192331
1844139
5099394
26625390
271332
33269268
1631434
3698784
4073228
32991580
25494096
2114706
4513949
2878550
1712588
2246113
25697217
54229
3167961
1157192
12536459
15725241
13430856
25244073
712890
3785413
9090004
2242705
12290851
13094232
19527621
5612362
366183
27746084
148836
5109815
24024599
3215300
19507543
13700545
2932848
13778030
7025105
5904402
13977408
2168969
29260559
15044688
6199548
23256518
538663
1450149
10477741
22707066
30503842
1273955
729782
9528704
210458
13080975
8017525
6002410
1191678
254300
1476092
1070039
32949236
738173
1205233
3694539
24981966
26618931
13960556
29657006
29796876
25340533
1687039
634940
17104529
7309881
5869082
11671423
30577888
15300301
33040025
20366719
5812114
7374037
4581679
16439013
19144348
22002568
14238755
23740757
21834831
7705934
2219768
554090
2409755
2520145
27404285
13503726
3937833
1731577
3213860
4636852
3845351
6431476
7380290
23471426
19862550
13349852
17583510
19029222
16806750
5683281
374214
704826
548336
14667833
8820822
15110302
25161872
3148089
1804762
1228550
8036916
493378
15426248
12554186
29878772
5239153
6094379
23677977
18937329
8249186
279562
4784915
7623855
1148978
13726301
4937969
1658634
985311
936767
27352001
15540836
12551320
6079585
21312657
4055613
27033377
32643407
7003929
25063521
8703840
1510490
25355461
21819144
6797989
678353
11735958
6077173
12356443
31779110
1202680
20537095
2511128
1139002
2410378
1065978
1411016
199662
22031467
14231030
875593
8681929
349527
427091
25154292
30579588
4811262
1482879
23392034
3245632
18728787
540333
31973390
2375989
19721214
1474345
10709958
19887728
5615016
1210420
14440194
32970106
4144288
1367232
595121
851087
18172935
8625298
4045760
31675800
5706002
18398079
24231396
919523
843005
10623318
7544283
4853961
3720076
23510441
732066
12680193
14542263
1064386
404809
25213026
6721130
509860
10324143
19117015
4153346
9138334
690984
428353
1050548
3223228
18777208
715760
5017809
312506
5994583
6774597
3979096
619925
27905609
2219861
2286116
27572768
12123718
8686846
33095520
26392134
637791
8130357
26388185
1405405
15681429
969027
113092
2642409
1632110
8529428
21381687
17478003
4333464
15759193
7103607
1035159
8863258
383510
5290678
25791729
12971157
6552323
10450199
736627
3338700
2165989
1001784
1289883
2672214
401838
23529757
20609024
26068487
4222864
4530879
5781689
25890445
3477402
6525053
8010870
30154406
10429299
2237174
27743683
14130702
8423500
1299823
26205158
11819417
13531175
6373555
11692282
273293
2924882
15910747
903808
20911395
28779461
1625616
11131972
5063764
18329036
22757645
4513518
1581831
576162
4926737
3558619
7297641
13591831
1446854
24056098
20111193
84241
2678602
13700540
25815868
1893324
1240221
533482
30269192
6031890
6637285
10993971
2704660
2862172
6027409
4400853
1930232
1613583
4709426
1217251
5912959
10470673
6218151
13896419
