3373103
20857103
13814040
8981538
15791789
107658
43513
1935554
15575257
1430594
26327721
5338901
1649104
4585887
703133
21590026
9144111
3385250
29526270
6949240
2441243
14282104
24541430
23625204
24971017
21212479
32104710
30097599
21931937
15790657
8743518
29649037
16468092
8582880
7055567
15138755
7771748
26453235
6064136
28210924
18056030
31733180
23708447
200281
28213844
929309
16691209
22184351
16933901
14682014
15855896
5773668
26311456
18534641
33507551
2782423
9788548
12756961
28812757
9977060
22627790
18551015
2612482
21016270
33053236
1494079
18267444
2209733
10154090
17248227
262463
414531
25785333
12080334
14363777
26040945
5226356
5787655
17420431
26589890
7441686
8428660
17235870
33457775
2847151
14391404
10744892
18330267
1919340
4344948
2894962
448979
26200279
25201324
29971207
6130580
30485136
1073031
1019437
13719306
25776368
366349
21670222
21582395
23993670
13079328
16941825
22254427
25236376
21068505
22412420
5701620
14750049
1841604
31005130
21732471
264833
2446680
23014476
23434347
2147458
31140128
23546403
5338436
19741056
5911195
8057741
15628038
15915817
20468749
18127807
31222491
387374
4290852
6275085
15496245
26748918
321791
26495111
12178355
11115097
2842269
11181399
2393471
1101220
14229307
27924260
31153020
1906038
587752
3988283
18613182
24386448
31287468
6769783
16357102
26564816
3637218
17437553
1394895
16885413
5790337
26474987
3755479
8805725
16231937
6001731
31845509
1932699
23522058
3966072
10435842
22061336
33387686
27098593
29386497
1779175
8224185
26895725
11357752
24901799
12543755
21269898
651370
8427398
3535507
10034923
19916594
32683280
143996
9641340
28306901
3547364
17779209
10450444
27864426
9535220
10893735
9867455
33097701
78430
5323725
19898743
16199575
8674381
30587088
1055819
12210646
1449652
16189339
31575260
8738061
23655959
473822
31520520
28189065
11192612
8437929
21730926
11107329
15920353
4184605
2685963
25557824
59781
17982469
9358016
30188991
30814980
3582962
4409451
3151298
27564032
16894384
25983406
26058829
21228392
24680065
19513281
11440656
4773307
14501859
33680914
21991819
20839615
18838879
4025924
8653011
23635459
13239839
21352527
13986573
457234
17954045
16370912
5895146
32424995
31282860
856886
132850
24406793
12842089
28928683
20900895
32605367
20047326
24466222
10205692
29214987
2424354
123925
4595920
26238948
9214376
4706154
22437952
15827952
526695
8098009
19259428
19550075
17348988
1725304
938018
1525498
2405504
11376634
32296708
15256250
13855883
11867231
13869
21840289
6270511
33138867
22000311
15786606
28463253
22018797
12506319
10741541
105841
2201090
29038121
265738
5023022
14374528
11914077
4173427
1115798
23958685
21119425
12468845
23650212
4646517
28157344
31752436
1557312
15201538
19728403
31315478
5800119
21724723
19021005
2273087
28269114
26834984
5090365
31845939
3212264
4592542
28830768
19956082
27983098
2836705
6145331
18552916
29264183
2885847
15911561
31078088
30558792
27661289
5618550
573677
795422
728123
13570176
910426
1572477
26644986
33187699
32815176
37366
6688317
11921515
27892383
12283177
24223212
14897901
8404925
24124547
25921249
24576797
762131
10190839
359646
14598270
1082416
7824551
1097147
234356
14286401
28262722
31059732
6147943
12918530
12369002
32476855
475975
33408147
29544034
4293896
5602405
2281185
33615440
33180613
22073879
12772603
35054
2613808
16392115
15920313
32467172
21392438
23439066
12375105
30749227
30096942
113530
3028481
11198304
119317
3691808
14637494
2311593
15032909
30921183
24132471
21653151
27028163
31074708
14569794
25710675
23824239
31165513
10711241
13779874
24115350
17121964
32877070
7442684
25896357
33136199
17883834
4821821
7384572
254709
9909543
14056089
5833085
19038532
4792002
6020274
8706580
18431052
626294
19767013
33103552
14722656
2187414
3671365
31597396
1033785
25842007
27959388
14264062
440851
21161641
12564578
33432844
33683
18220923
3124838
5857135
3624954
1317363
2307309
19039032
32057049
2048817
19002367
2508854
26981821
7597367
33141913
24550196
30377995
53972
18884897
31556118
8247848
30858985
490158
29375051
208824
7831616
32941480
246184
30534553
31981420
14690775
26047548
30679011
2969467
494679
9968397
31882401
11736035
572032
1539839
28944733
1968115
25418367
27585910
3155958
18932011
15807787
4435514
18192261
19179579
18665121
15133532
26125739
26625006
18436295
25039583
32192523
23298977
21684570
11503680
22744666
4305056
1368010
11045880
16427369
24661226
28384025
31055367
14100440
10021207
580551
3003604
20657114
15557191
3430260
19467589
5037069
13247051
22285930
1156438
17172598
15718858
7435329
11434529
981281
28789240
24627160
3898482
838495
5654189
26259992
32352916
26888155
27573639
2171964
21252927
4341154
15480963
19837731
12401917
683600
20887126
32960907
9514199
15529334
13604891
683341
303029
7158430
33420065
19835229
7404638
32612118
10071292
17184113
4361099
1608380
8432275
15982150
8023995
12870389
3234997
19667303
15448561
18581605
1943925
6310075
14534686
21822185
1280312
15839156
30628491
11506644
623199
23747925
24617946
16668945
4754510
12748158
24665799
5095257
5805346
13197374
135453
20372092
3563565
6879478
33378397
14087541
25160191
7525041
11261531
22430405
168058
9644331
20624107
690306
6154041
1809923
3410413
33038962
18388177
18767903
17339855
6506257
24475487
26174825
11105320
21460698
10991144
3532490
16817322
65918
12616551
10831717
28116033
745850
9874313
4367505
4001240
1409673
5318402
24213736
2295695
22107570
32891790
741028
22473222
970684
1374627
374331
3641551
12773143
18889105
28382174
28387672
26723998
2197108
14859831
633467
17517547
23572054
21730856
21562214
22481978
18532579
3798164
23564824
18535300
23584643
28048955
31976177
12778907
30088856
7857110
9601818
1480209
27749155
15026471
25797277
18705296
1097623
193458
4998625
11148740
1303245
19017411
3394603
29333297
2300795
21610868
31328362
4772538
15099156
1014636
10455122
23101734
3081299
8443591
3779910
19832192
21116079
1318458
30885435
613177
6812731
15512591
2833626
32713779
