15839156
12778907
13863520
2592384
21590026
27864426
1649104
1238984
23650212
12375105
16392115
15709713
795422
21684570
23434347
21116079
10190839
2281185
30534553
9874313
24115350
1101220
23512153
5790337
3798164
633467
490158
23708447
13247051
15855896
15133532
22073879
246184
321791
15911561
14750049
31752436
30188991
14282104
4361099
3394603
19051548
3911282
21653151
21204582
23824239
4341154
10893735
29264183
31093893
17982469
2782423
1073031
15466357
16427369
21228392
20468749
21252927
17184113
1303245
10741541
27661289
3003604
4592542
19728403
5090365
260579
2393471
16817322
6697080
33053236
18968
31130886
1935554
8443591
150718
2415788
22627790
65918
27867801
31956625
28157344
31282860
34395
2307309
22371425
3966072
33457775
8743518
26723998
28194012
6812731
27450804
26654623
1557312
17172598
15529334
26200279
17248227
23298977
