16357102
27621240
14501859
8098009
59781
234356
20828507
4409451
30534553
28307262
18581605
32941480
6769783
28103633
14264062
3212264
13863520
7771748
4001240
71676
17248227
11539995
28463253
28384025
3177029
4526420
33457775
23625204
60591
5427258
18889105
28213844
10893735
1430594
22744666
18639791
33068601
5833085
28262722
14282104
33053236
573677
24213736
23824239
683341
29333297
26888155
26474987
5372644
1082416
33426508
2104565
19513281
15466357
21823013
4173427
16189339
22437952
23165051
3637218
23560360
132850
4341154
303029
26495111
741028
4435514
13650738
2885847
9554398
15827952
33387686
32104710
938018
440851
17184113
15920313
374331
4792002
27341984
1019437
7654277
11867231
19356020
32961480
1557312
18767903
15839156
5800119
2592384
135453
28157344
16941825
29544034
11440656
24386448
32296708
1608380
613177
10741541
22163372
15138755
29375051
31219190
24541430
7692665
29242317
10403952
2863736
1097623
14686863
6144683
15529334
18576806
30097599
23706111
15709713
5763421
19039032
10690028
26238948
32683280
26589890
26834984
16093985
3325119
9214376
33593709
25557824
31315478
30679011
457234
31201338
20624107
473822
107658
6812731
17779209
20059276
18220923
20468749
8057741
21840289
12726452
7857110
18330267
24124547
182065
30921183
33680914
9644331
3430260
239540
12506319
31140128
24406793
3532490
4500343
13239839
2311593
33180613
32352916
32811777
11453363
15557191
18810986
32891790
25039583
1779175
2171964
7244226
23876876
7441686
78430
15480963
25160191
31293648
3624954
6380123
24971017
146764
1156438
23512153
33408147
1055819
15575257
2836705
24132471
580551
28753490
16372595
949880
20900895
11376634
7055567
1033785
3750357
19021005
11115097
3798164
