4277275
15855896
3394603
177473
26058829
21885638
6275085
7392855
7529000
28157344
18534641
10711241
30558792
9144111
5323725
5037069
10205692
1303245
32877070
22018797
3582962
18431052
2295695
14732375
32960907
37366
21212479
32476855
10831717
2885847
33097701
4305056
26114890
31287468
467907
3755479
6154041
26453235
20059276
3547364
26311456
5857135
21016270
13582206
23560360
1358634
11434529
13570176
21228392
6769783
19767013
3234997
440851
19837731
12468845
5800119
143996
8667248
21008783
32352916
25859194
1906038
14657064
1327345
32961480
8443591
28384025
6055161
623199
13197374
24223212
929309
10582990
3177029
1725304
9411946
3290289
26895725
26047548
25160191
1318458
22590699
28463253
12080334
12401917
1525498
31468038
20710026
28088445
6949240
30317835
32941480
24406793
3482820
4001240
14633437
633467
32713779
20839615
2197108
8404925
17046235
6506257
16189339
26238948
6270511
28116033
27098593
28103633
6723892
17171971
3750357
14501859
22508379
14282104
2393471
26474987
1404308
10034923
24386448
11376634
15575446
25896357
21352527
18901026
23165051
19017411
11351079
16392115
14897901
19667303
28382174
15827952
17121964
19002367
20828507
16668945
5401255
18056030
4821821
3028481
12682682
24132471
25785333
2171964
14224238
2680431
7597367
14336637
7244226
6145331
856886
31882401
4198977
31282860
572032
8098009
123925
5427258
10450444
3988283
4435514
22627790
16885413
15839156
5372644
78430
31733180
26297123
15628038
2836705
33680914
1409673
883598
15575257
19179579
762131
31293648
33593709
22061336
32158837
33053236
31153020
457234
2311593
23522058
18220923
19038532
21931937
15920353
24627160
6889738
14722656
1480209
25797277
31130886
14087541
18810986
28307262
17184113
11357752
19728403
703133
182065
33103552
168058
27983098
14859831
23650212
494679
24661226
651370
2542913
22285930
28830768
8582880
32612118
31078787
5773668
9554398
1557312
11105320
7055567
4367505
18552916
119317
11503680
1661070
17172598
19051548
19467589
7857110
2833626
27892383
23439066
1014636
14264062
23546403
7435329
10158473
32811777
23512153
234356
5318402
22361565
22000311
18695976
16468092
6951975
4581890
1138504
2782423
3486458
11198304
21392438
264833
5557011
13986573
20617384
23993670
1101220
107658
27867801
3671365
239540
12347828
24550196
33138867
31981420
21991819
1932699
12543755
21582395
17235870
526695
18535300
19741056
16199575
14229307
359646
1156438
11717153
910426
19898743
1919340
10021207
10190839
26327721
12375105
34395
12789709
22727575
30097599
13779874
31078088
26729350
5790337
5911195
6147943
20439689
31597396
24901799
1505174
1374627
12772603
32815176
23639812
2187414
28194012
2969467
19768777
21796232
1809923
5338901
5763421
3637218
30865612
15790657
25921249
26888155
1565
29242317
26463174
23298977
23004155
9909543
26495111
21610868
21522063
6144683
32057049
208824
15466357
6001731
23708447
21670222
33683
3081730
16691209
27806285
15718858
32467172
12748158
3076788
4592542
31956625
19832192
12506319
25039583
11047538
9358016
1177712
1608380
9968397
1935554
4170960
30033807
1578454
6020274
6064136
26111339
14391404
4792002
13027259
4293896
135453
25776368
20043053
12918530
10154090
24737906
14598270
2104565
15915817
20900895
31575260
24723597
795422
21590026
31328362
10830595
26564816
71676
1019437
18639791
24213736
53972
6380123
15791789
23564824
1097147
3563565
30339400
15685122
1943925
2613808
949880
125731
25517785
27564032
24076069
3798164
15099156
30679011
3410413
8706580
29264183
262463
23761
472202
27450804
113530
30749227
4441756
1779175
23101734
12726452
15201538
27864426
7404638
3385250
13974
32230341
16427369
9110216
21269898
2273087
6363449
11736035
4173427
683341
15709713
28792964
690306
31074708
2300795
11192612
3212264
6419748
28789240
5787655
5470437
26125739
2405504
15204291
15032909
5991279
22628361
7384572
7442684
1097623
12564578
28753490
7441686
15807787
26644986
33615440
7654277
387374
1841604
22481978
9641340
4500343
22254427
35054
3325119
18551015
29526270
18884897
14290698
31059732
473822
15982150
18388177
21822185
6310075
9535220
4344948
18705296
29544034
5095257
5618550
10744892
21732471
32424995
9214376
12773143
14750049
27621240
3535507
16894384
28210924
5805346
8981538
15496245
4646517
16357102
1115798
6824443
1494079
723684
33420065
14745532
5999781
14686863
2863736
303029
31005130
27924260
32192523
24665799
5338436
2077504
7824551
25501920
19835229
14286401
33378397
16372595
4025924
1649104
18968
28356022
10690028
13079328
20372092
7856175
30885435
9572846
22331521
26259992
1033785
5556377
65918
31976177
20150921
26981821
1092022
1082416
25710675
16849846
15557191
2894962
22744666
17982469
9874313
22163372
13604891
13650738
31315478
6729466
2636031
11867231
3779910
31093893
12303909
146764
8437929
8632460
11914077
28557360
14363777
19550075
7525041
15529334
27661289
14637494
3003604
24115350
5833085
11453363
23876876
27341984
22473222
30377995
4409451
9788548
19484880
21347589
16093985
15026471
745850
8805725
3898482
22073879
9601818
33180613
6697080
13855883
18576806
24466222
30921183
2508854
17517547
1368010
21204582
936921
31155414
28269114
595133
4184605
21252927
30814980
8432275
31845509
414531
19259428
741028
24541430
20887126
19916594
28928683
17784356
5248898
28812757
5701620
3373103
19513281
28944733
23434347
15512591
23275892
27959388
26625006
132850
3641551
3624954
4361099
12210646
28213844
938018
33408147
22571571
15911561
11921515
15256250
8057741
14154063
26174825
105841
19356020
2048817
12108270
2424354
20047326
23655959
12842089
29971207
7692665
23625204
43513
22330729
3124838
11107329
366349
29214987
14682014
3424874
22184351
12833932
7831616
15480963
1280312
16941825
18532579
8743518
23700069
15138755
31222491
18889105
32104710
7563259
26117234
4585887
21653151
18767903
23824239
25557824
29649037
981281
25236376
5724108
7771748
5226356
17348988
22625903
150718
19039032
29375051
16370912
21840289
8674381
21872327
30587088
200281
8428660
32605367
18613182
25842007
27585910
17883834
31520520
9665
11172046
7158430
18837072
260579
14100440
1927082
21161641
26630393
23635459
1073031
15786606
28048955
29038121
25983406
19956082
4341154
12756961
321791
13719306
193458
2307309
32540526
518669
6812731
10455122
2592384
29016423
9605808
15920313
4595920
31639937
33068601
30628491
11440656
23210292
28387672
3911282
20857103
20624107
1430594
31752436
30534553
246184
5023022
5654189
8427398
3164645
12870389
10501440
21562214
31556118
626294
24617946
22412420
3460041
10991144
5429604
10741541
23584643
1539839
2281185
667361
20468749
5895146
374331
24576797
30188991
6879478
27749155
18267444
14056089
4526420
12616551
25201324
11181399
10403952
18663278
4773307
13638014
18838879
11148740
4706154
11773988
1055819
18848544
33387686
33432844
4721
265738
22437952
13923051
17420431
31219190
3430260
17248227
26654623
24971017
