1935554
14859831
10744892
5724108
31222491
31575260
14633437
31153020
3547364
4025924
18665121
177473
3482820
32057049
14657064
132850
26125739
910426
14391404
8404925
18581605
20110011
20150921
13986573
15032909
1968115
3424874
856886
30858985
12080334
32192523
28213844
29544034
8443591
4773307
20043053
12347828
23572054
795422
2307309
24617946
25418367
9214376
27983098
12616551
33457775
33387686
22651553
2077504
21730856
26474987
14501859
22590699
27661289
18848544
23546403
28306901
6130580
3081730
31078787
14363777
33593709
1649104
27806285
20617384
448979
16849846
28262722
8653011
11261531
19916594
10403952
29649037
5338901
2300795
2885847
25160191
31956625
17348988
1430594
15855896
3040361
5338436
8706580
728123
35054
24124547
3460041
31055367
26644986
22061336
18436295
12682682
18837072
3385250
17171971
14569794
23004155
30088856
28789240
43513
24223212
18838879
3755479
7392855
723684
11115097
26888155
25560598
20439689
3177029
25236376
33378397
31093893
2441243
11181399
18968
5557011
26564816
11506644
8981538
6001731
3430260
28928683
11440656
11736035
33136199
4344723
19021005
31155414
5318402
5701620
19002367
2209733
21590026
30587088
262463
21823013
168058
33097701
10190839
21228392
27564032
9358016
28128804
6506257
2197108
4592542
4326148
25921249
1082416
949880
24971017
440851
10582990
16885413
5805346
741028
30188991
7529000
15783291
2147458
26748918
23210292
11773988
21116079
26463174
28230189
21392438
490158
12773143
1374627
21008783
8667248
113530
4500343
23876876
16372595
7384572
12833932
16894384
8805725
5763421
33053236
15790657
19667303
10830595
18901026
21730926
1779175
16817322
246184
683600
25201324
3325119
11453363
30033807
33680914
7856175
26200279
4435514
11047538
10991144
1449652
30339400
5618550
5037069
78430
12748158
26453235
4653621
11503680
7442684
27573639
13719306
18613182
5602405
143996
1033785
13239839
21840289
12542961
12756961
4293896
8057741
6144683
28792964
15827952
3164645
25517785
1358634
12726452
23761
23639812
60591
17248227
32713779
4170960
21269898
13974
2424354
15529334
6055161
6889738
15982150
23165051
1661070
14686863
5556377
18639791
33187699
2680431
29214987
2930273
21822185
19484880
13582206
4001240
8738061
526695
19017411
15839156
9411946
14290698
4305056
321791
1557312
15557191
7404638
4184605
28387672
31468038
8098009
5470437
32877070
12178355
12468845
21870334
28103633
14224238
24665799
24723597
27758609
838495
4772538
3779910
9554398
31752436
37366
2273680
8023995
26589890
23708447
18663278
14286401
19741056
11045880
2612482
20657114
28830768
