12506319
32811777
29544034
31315478
15628038
23700069
4001240
14229307
667361
9909543
1525498
15791789
1156438
7563259
16849846
25921249
690306
5680834
1303245
23546403
4646517
26644986
22651553
18220923
2393471
9605808
31556118
23706111
264833
1082416
9601818
265738
27983098
11921515
4326148
6824443
1280312
18431052
26895725
9514199
18665121
27749155
21116079
10450444
23004155
27758609
27585910
29214987
13162509
9535220
1608380
1430594
7158430
28387672
28944733
22073879
33426508
125731
33683
33457775
5710313
24617946
12616551
1557312
2685963
21269898
18127807
3898482
13719306
5429604
19017411
15448561
17883834
3003604
2894962
910426
22111313
4361099
12773143
24124547
8981538
18330267
2281185
29038121
71676
6363449
26047548
20828507
30921183
15133532
490158
25785333
12778907
33593709
24627160
7441686
15718858
28157344
31597396
30317835
19837731
14534686
20887126
8667248
28230189
31165513
30749227
6879478
11503680
7392855
14264062
22285930
8443591
1919340
5763421
16933901
33187699
16093985
27621240
1101220
26834984
14637494
26981821
4441756
23512153
19259428
34395
13638014
1374627
27341984
177473
14897901
22371425
14686863
11107329
24132471
28384025
883598
2273087
22727575
728123
17171971
1409673
23275892
29242317
15911561
11357752
11181399
795422
18663278
30096942
2104565
7771748
135453
683341
13536440
21352527
22018797
32612118
21724723
15557191
5323725
15839156
2592384
14374528
29375051
5338901
2885847
2836705
3394603
15575257
21684570
22481978
8632460
15496245
1494079
23101734
26297123
18884897
12542961
4998625
22473222
17420431
28194012
21872327
32192523
28210924
3028481
19038532
21582395
4341154
8427398
15480963
30814980
6310075
580551
18532579
21822185
3691808
10711241
8743518
5911195
1675849
9968397
24223212
30587088
11914077
494679
2424354
60591
18838879
14745532
1318458
26117234
1809923
23014476
4277275
26125739
5401255
595133
2415788
262463
11373713
4773307
526695
1358634
14722656
3779910
9867455
24737906
18889105
18705296
31287468
30858985
4754510
3798164
14100440
23958685
26564816
21522063
4721
1097623
26238948
31153020
28048955
25236376
472202
7831616
1394895
21252927
23993670
11172046
17339855
11792878
5787655
2333419
2048817
19832192
1578454
5023022
26463174
15466357
10158473
193458
5372644
18535300
26888155
13570176
21885638
132850
26327721
762131
9788548
623199
25501920
65918
3076788
20059276
26723998
14690775
374331
24665799
33180613
8098009
14569794
2197108
18388177
4592542
23298977
20710026
1565
1138504
31222491
3966072
1935554
12756961
10830595
6723892
467907
23431357
20043053
23650212
25039583
27028163
16468092
24661226
182065
4170960
4792002
15201538
23761
2969467
2930273
25560598
6144683
33378397
28557360
15786606
5833085
21670222
10501440
14087541
6769783
20047326
8404925
6147943
3641551
4653621
15783291
11351079
9665
5602405
22744666
8706580
31155414
6064136
1661070
246184
5773668
13986573
13814040
3424874
448979
21562214
26474987
32057049
10893735
23824239
366349
3081299
32941480
18534641
21381140
31328362
27098593
21870334
15204291
16370912
13863520
3308706
15920353
12918440
3671365
12283177
33038962
17437553
13869
15575446
25710675
6506257
18695976
11453363
6020274
11045880
20372092
6380123
4344948
16357102
17784356
32230341
33068601
7244226
3410413
26453235
18581605
6697080
651370
7824551
28307262
23564824
3385250
20624107
29971207
26259992
32683280
11148740
15138755
4025924
303029
12748158
30628491
25201324
1216464
26174825
6270511
22163372
31059732
23434347
18613182
19898743
10021207
12870389
6889738
11434529
18968
17235870
25797277
22254427
27867801
1906038
7692665
14598270
28262722
11192612
4526420
28128804
32540526
11261531
1725304
3234997
28928683
30033807
27959388
21460698
457234
208824
28189065
4844471
2842269
21068505
27564032
32296708
31520520
26040945
10991144
24576797
11105320
18056030
16668945
2833626
30097599
9644331
14363777
10190839
14391404
31639937
26748918
15709713
981281
28792964
22571571
2782423
11440656
12918530
1779175
23572054
8872340
113530
19513281
6055161
12303909
31219190
24466222
12210646
1073031
21392438
24076069
22361565
14732375
5805346
25896357
8437929
534458
22000311
3373103
31733180
3081730
10154090
8738061
14286401
17348988
24386448
13247051
22508379
5037069
5226356
13604891
14657064
18932011
18267444
5090365
20439689
4500343
13779874
6729466
5618550
14633437
14290698
6145331
15032909
5318402
24680065
22330729
35054
1033785
17121964
929309
17172598
3151298
3755479
4706154
53972
12543755
6419748
9572846
3430260
20900895
14056089
2147458
21610868
26111339
12772603
2612482
24406793
6949240
13027259
4595920
10831717
5800119
1097147
28116033
15920313
4821821
32960907
31282860
2295695
13582206
599217
3164645
25418367
3460041
19550075
4585887
24901799
21931937
254709
7654277
10205692
30885435
18192261
12564578
16817322
10690028
17954045
5999781
31078787
59781
11198304
28040636
938018
2201090
14154063
19835229
33053236
24550196
18552916
25281784
16189339
1932699
387374
21823013
31093893
21347589
21161641
27573639
7442684
15790657
14682014
14989526
32877070
27864426
8432275
16894384
17779209
32961480
19768777
11506644
19021005
43513
105841
