21991819
16093985
9144111
21119425
5654189
22627790
22744666
2636031
8674381
2147458
4170960
32476855
23635459
24386448
1156438
27959388
2446680
28116033
4706154
15138755
25418367
3325119
1932699
22184351
13869
26630393
28753490
265738
14154063
30534553
22361565
16691209
14501859
32960907
31556118
467907
19916594
17121964
5710313
457234
23761
21610868
23560360
12772603
2295695
3624954
16849846
1927082
2307309
5724108
24737906
31153020
246184
949880
22330729
1725304
6001731
13814040
3482820
21460698
2273087
27867801
28210924
12789709
490158
123925
3308706
5800119
135453
4592542
31222491
113530
16817322
5095257
21931937
1557312
32540526
21724723
27864426
21885638
11982943
24576797
690306
208824
6020274
24680065
28189065
5023022
30858985
2842269
3212264
23876876
26981821
23101734
19768777
24132471
33432844
4025924
1374627
4344723
200281
3637218
6723892
26895725
11453363
8057741
29016423
30749227
24617946
8224185
15791789
15448561
572032
19017411
3385250
16894384
9358016
795422
13855883
14598270
31293648
6951975
26495111
5991279
5037069
683341
8428660
9601818
3394603
23958685
18810986
7452310
5602405
4773307
14732375
2894962
11181399
17982469
8443591
9977060
14859831
18665121
32713779
3966072
28306901
19728403
4001240
16189339
2048817
21562214
4844471
599217
9605808
8098009
20043053
3028481
13570176
18639791
3691808
1494079
651370
22508379
13536440
29971207
6147943
13650738
21872327
18581605
15827952
132850
17184113
21522063
838495
31219190
1779175
15685122
970684
1097623
12347828
21670222
23993670
1394895
28557360
3164645
30628491
22430405
7055567
25501920
31140128
14087541
30885435
12616551
28103633
8582880
9665
1480209
15032909
27573639
29649037
18884897
20110011
3430260
472202
518669
27098593
20710026
33141913
10831717
60591
4173427
1404308
33457775
15920313
11192612
3988283
32683280
4821821
3290289
33138867
21068505
22371425
25785333
28230189
18848544
30317835
31201338
33615440
28944733
5323725
71676
19550075
6697080
17171971
2209733
6130580
25776368
4277275
21732471
11503680
30377995
359646
22473222
723684
14637494
14682014
2104565
32961480
9867455
31074708
5401255
4595920
10741541
15480963
22651553
11115097
26117234
494679
22000311
31752436
31976177
8706580
20047326
13638014
21212479
16392115
18889105
13923051
11373713
1280312
19898743
3779910
6812731
23512153
7244226
14690775
24665799
9968397
9554398
15575257
1919340
12918440
3003604
1101220
23625204
20468749
30679011
2077504
15982150
19956082
4585887
15099156
23700069
15915817
25281784
20059276
1318458
24661226
14391404
5338436
11867231
1092022
27564032
580551
12870389
18535300
7435329
24901799
5248898
2201090
29544034
33053236
6154041
4646517
177473
8427398
5763421
1018701
13247051
18431052
33683
5895146
1449652
7654277
9535220
16314428
5556377
21228392
1216464
32424995
745850
22727575
3563565
14336637
7856175
2542913
12682682
23572054
1809923
2333419
32192523
21392438
7563259
31093893
11357752
15026471
27806285
25236376
23431357
28387672
33038962
168058
28384025
6310075
18767903
23275892
17046235
1935554
6363449
18663278
3641551
28040636
28812757
30188991
683600
25560598
20828507
633467
3582962
33680914
12178355
440851
59781
14750049
1055819
30339400
15512591
15786606
7597367
1138504
20150921
4441756
19484880
18436295
26463174
146764
143996
25983406
12401917
16193039
13239839
32811777
24124547
5790337
448979
8805725
31328362
23522058
2592384
32467172
21204582
