21822185
5023022
32540526
8023995
22590699
5248898
27573639
2307309
5323725
2405504
20043053
17883834
3212264
15791789
2836705
31222491
16357102
33038962
2393471
26117234
3637218
12303909
3028481
4592542
28088445
1238984
33053236
26111339
14657064
929309
19513281
23546403
14501859
11172046
5773668
11148740
14598270
105841
14087541
11105320
18848544
26564816
28103633
30679011
13638014
30858985
7442684
27892383
20110011
23625204
31293648
4581890
6951975
16370912
26058829
25560598
30814980
25776368
9601818
33426508
20439689
21347589
22651553
6729466
14750049
5833085
18665121
3750357
33507551
6144683
12080334
4526420
29038121
21252927
60591
1097147
18551015
265738
573677
1675849
26474987
303029
31315478
12682682
4646517
17184113
22744666
2508854
17784356
10034923
8427398
21684570
16894384
23564824
3003604
31845939
15133532
23708447
8667248
359646
15839156
20657114
8404925
29649037
17348988
683600
795422
2930273
3535507
234356
28262722
23572054
3081730
1082416
33136199
12833932
7654277
1280312
12506319
7441686
18431052
27867801
31093893
9535220
34395
2273087
599217
21730926
15855896
9358016
9554398
10741541
7244226
18810986
21228392
21870334
7435329
9874313
3177029
690306
15575257
595133
1404308
32605367
11047538
6145331
2424354
5037069
12778907
19467589
1394895
23298977
23560360
2441243
30097599
132850
22163372
4595920
28210924
3547364
26834984
6147943
59781
31468038
18436295
24680065
2847151
1494079
14374528
6812731
19550075
4441756
3394603
1927082
2863736
31005130
32424995
18705296
27450804
22727575
2842269
31078787
33432844
7856175
838495
1932699
25785333
3385250
11717153
6380123
1525498
10450444
6889738
28307262
31976177
5557011
10205692
13582206
21116079
3460041
15718858
2273680
1841604
5857135
9644331
2201090
12369002
18330267
31287468
25201324
31153020
31155414
13650738
53972
8706580
1073031
27661289
26589890
490158
4173427
11351079
7831616
17779209
11914077
1101220
19356020
13079328
4367505
15911561
18267444
12726452
1557312
3624954
31130886
18838879
19038532
43513
17339855
3482820
9968397
12283177
22184351
572032
11736035
2612482
8632460
8057741
28040636
23958685
25710675
23512153
21670222
30628491
9641340
2197108
16817322
18127807
473822
22508379
10711241
2542913
651370
27864426
1033785
1092022
32352916
30033807
9788548
24124547
2209733
5763421
22073879
4170960
32158837
30096942
20828507
10690028
1018701
12870389
31733180
20059276
21931937
3966072
31845509
11773988
374331
22627790
6275085
22361565
23004155
856886
15448561
20857103
23993670
65918
6363449
475975
12616551
16691209
15557191
33420065
6824443
29264183
31956625
1156438
7771748
26125739
3486458
25236376
1368010
626294
14534686
24971017
613177
21730856
19021005
30339400
22371425
4409451
22628361
27983098
18581605
20887126
23700069
3671365
15032909
19768777
19916594
14264062
18901026
2104565
10071292
29971207
14633437
24386448
5787655
3779910
2894962
1449652
28048955
4500343
8443591
11921515
29526270
494679
10991144
13719306
1374627
15480963
35054
3081299
4998625
31575260
2147458
7563259
17420431
16468092
12772603
5680834
31981420
6310075
168058
633467
19741056
3532490
11867231
19039032
26981821
31059732
7452310
17046235
6949240
246184
7529000
12564578
78430
15827952
23824239
14286401
33457775
2685963
33141913
31520520
9867455
27564032
27098593
23165051
21653151
16427369
8653011
25557824
1649104
981281
24665799
1943925
28944733
4305056
22018797
21460698
16189339
107658
26495111
31055367
14336637
26297123
31165513
949880
177473
18388177
31140128
8743518
135453
6879478
2295695
33187699
30317835
25797277
3911282
28830768
28157344
18889105
2636031
414531
21352527
23014476
3430260
15496245
9514199
31282860
587752
29214987
25418367
5800119
13604891
9411946
16372595
12347828
32713779
1906038
24550196
457234
5895146
6769783
1097623
11198304
9909543
29544034
1539839
9572846
9605808
25517785
1608380
32612118
9214376
1317363
17121964
25501920
29386497
14290698
4344948
4754510
1177712
24617946
18613182
32815176
321791
10021207
24901799
30749227
936921
17954045
8432275
22254427
11376634
21381140
1327345
15466357
3563565
10744892
12543755
12108270
3424874
728123
7525041
13814040
15915817
20839615
11792878
15138755
21392438
17235870
31639937
2969467
31752436
32192523
14690775
32683280
4653621
21872327
21068505
