8321699
18632830
1516282
8010919
7479926
465642
1345431
2249180
1030991
726230
23944336
1380095
208546
6574180
18442882
14507327
217761
14943046
5655689
9220955
5753557
295976
54174
25986201
7783782
32694789
21627207
526538
2727449
3584712
10952367
9593488
2351494
14094617
10893007
911501
8622066
4714602
522320
16197448
4266787
22883757
4399857
1776373
29524619
8817199
6456893
2936206
3308699
9738093
4634230
657419
542987
5675801
3230519
18887394
102980
15463830
25253261
5816377
9462272
1005079
1724357
22780339
2542957
5172647
4422489
1723429
165527
462624
1348391
432147
15007934
8686878
5614371
21980031
14037322
2162199
7158247
4311285
26280807
8614690
2793312
971563
922528
20514807
2356883
10377489
88293
7522645
4956009
14556108
9679949
7694319
952109
23657988
1373104
7601173
6920823
6741146
221478
23487494
13058608
788959
9475878
5877866
30491690
2553788
624363
2577779
147368
32942002
12315593
1195949
9097368
884153
6014663
5760050
20272453
11316484
15032270
2601762
11644475
26592733
2196989
350801
3879604
5405102
25135277
1086198
55608
11447600
14498389
2957793
6486855
203321
28261613
25477972
15691211
5473350
3155173
2755844
5508778
9520933
100394
6726595
8082452
13036366
4453162
22149662
14276640
467400
737318
225561
193611
2411556
6229684
242839
26656742
22739924
17389705
2643864
3242614
11331244
1717682
8122992
6820862
3574098
17964818
6306046
1689420
3021403
4239468
6819581
1878026
4663936
6073727
19373302
9637960
868867
6298719
16931878
9383558
15277643
560759
15854330
21623179
44205
1253459
695909
1174743
6402264
5501965
3852469
13628277
11312246
31045289
17742854
199714
24570084
