3251253
7256000
8312950
1345431
1380095
23670291
1270302
1212502
2936206
308934
18632830
2197666
19537063
2410224
1561086
6750254
11133364
5972727
8955636
3645445
31581692
8476190
22167996
5186211
11322151
1799053
5508778
1115791
213100
18577674
2446713
656591
8444617
921986
25805990
22622058
6921908
5224269
1610383
2628130
1748624
4598391
626133
9470836
1198142
14743854
4459793
1828686
11187506
1675666
4239468
23091477
17378235
2217692
144833
9443739
3129593
100394
2113897
10269605
5473350
4058869
23120889
1512307
682265
3789255
619437
24981428
3068227
5867316
7679201
2499693
965956
10172021
12176241
4985592
1373104
22144117
9979482
9761814
13066040
6402264
584551
726651
8614690
14665767
1886758
2756344
2409115
6819986
14673336
5760050
33070174
4682260
3376072
29931215
10201780
1780545
25127440
657587
5831501
20272453
2165784
506300
22156642
15795537
11381468
17256
4455927
3673883
4899290
10264263
11588041
17571581
9593488
346303
29389484
4453162
21980031
16288115
9985092
4311285
25295293
16035235
1737855
3876236
24024541
8474614
26133334
12444838
23289911
11256000
11136193
5454835
6264304
6595662
12599649
911328
5048325
5791600
2602132
7346672
4557921
16095398
9340938
3494202
4406895
17760525
414196
11193589
1947088
9041254
2218071
761271
17742854
21641647
155723
9097368
9837200
20764253
3946524
25693758
1214949
2063909
2162047
980504
2819397
12476274
11520722
1025220
13817793
1629103
11522165
3155173
13036366
271874
3136933
3036018
2048467
7447706
32694789
8678757
8540421
14936904
4266556
2599451
32765935
2676053
1389062
6113975
1916650
12165960
1670446
8775715
12755379
4095905
933669
691114
1020746
15009022
22883757
25160757
3631803
21107384
6306046
4956009
14322368
8234036
90698
8827606
22630411
5595625
1392271
8061720
2976373
25197810
17224059
8523872
2441998
13852779
3969431
11013617
22739924
7613189
1348391
27367479
4132344
6486855
27692201
21501511
20283683
3244295
10409964
9010646
13137703
24467169
24567922
19030803
1497242
432147
2079516
8321699
2793312
11312246
5107473
10813377
1434516
18438164
3293180
3679359
1147893
23657988
30153135
27911567
350807
1713527
8096880
9520933
7012062
4321906
2502172
16921619
3723961
2758009
7466904
2658487
4912478
9775924
8830123
14995541
5839997
2324520
7764399
2009490
14590835
472434
11196004
1878026
9980076
2450021
1629501
14786181
26396653
199832
16983410
8462506
1050853
2601762
4518139
4399857
3041717
5953432
155044
5952750
2614824
905174
15976019
838629
14908846
14892405
