1685347
726651
326309
9930882
13486754
5107473
4518139
5375027
423381
7447956
3137118
6229684
15490582
4132344
5595625
7300193
28261613
2196702
44459
1776373
24074836
4634230
603630
14894580
25035219
39096
10609034
28208460
23055777
4035887
23985990
63390
3645445
13234650
726230
21107384
24021616
6310071
11133364
4458727
18834635
5901689
25127440
14015689
29215867
84934
846184
193611
8008748
25197810
4459793
1345431
1526160
9383558
32244161
4648938
3013781
5494190
22267023
6595662
492026
16092337
7124101
26452320
2311980
3151587
8809551
9432671
25296371
17848718
3397068
2056377
22225765
12894271
3705404
4870
7783859
590444
9446521
1670446
25234724
8146815
5058678
663197
5527283
31129868
11361063
31581692
685908
26905551
1947088
3215913
3160609
203321
11338194
12598181
4872915
4135503
6048045
1402785
2601762
1675666
674930
21038010
2553788
10204891
794688
13591082
3723961
520931
5856751
26133334
4663936
9762191
20950698
8578789
922528
9042866
21752927
1577977
11508307
10416459
9056283
8073560
20788824
12915321
7420748
24807152
2819397
970903
2936206
15009022
13628277
2966894
884488
27235100
12720331
19537063
2351494
28596786
4681681
6827896
10890702
12121028
5188640
5698001
7851027
5454835
11265448
208546
2161984
5100412
11882012
8710626
1147893
2905895
14233351
12444838
1107510
20904907
213100
14908846
7229230
22188615
599212
4578235
144833
25693758
15277643
19579844
9979482
32704622
17042232
25115631
4751428
465642
4906676
2842909
10813377
704723
27081427
8678757
7444559
30090391
18508527
3469704
9323605
9594362
14904555
5278029
9340938
923680
22937987
16510370
2255489
2386427
568965
1178552
3956949
8061720
6014663
2881557
3951859
18887394
9352463
22226454
8956703
6277011
6644623
15726039
6660017
12746454
178250
2123473
291795
1502866
965919
22144117
28788274
3649108
2306449
4018785
20606072
10091118
163032
16197448
21924122
14461072
3293180
8145157
4399857
11414681
8121206
1404540
1005079
1030414
2336733
26280898
5690144
17032054
10992819
9799657
654734
26160648
1553342
12302675
11194047
1224520
11588041
11651662
8462506
23949715
657977
2356883
728775
7619635
1212502
5710265
649484
90698
22634986
22883757
2143346
2356117
2405174
1025220
11395010
2171386
25291478
21978635
2084445
13392739
1737855
25276608
11381468
9471397
2450021
10653164
19566494
22908195
5350984
6921181
1823364
1214949
10401946
1128955
5209782
88293
21034268
2365855
1526958
18591403
3611154
5429118
17991468
3738029
31838568
864281
3940847
15516230
13984324
11447600
16154829
2614824
205966
9924575
18577674
868762
5247266
4340447
12006278
2247305
5848817
11222545
10332471
9411301
4960895
4598391
7522645
26194767
32925275
327880
657419
3456755
16480
1533492
8523872
14786181
544737
23057456
4311285
2217692
32632952
6028109
7706522
5580848
7646712
3036018
15796054
4714602
2003787
2704571
883948
9517867
22897754
3065743
3041717
24545799
20566
2702913
11207684
14781443
2577779
155723
25279742
30184711
1723429
16288115
14941060
14818683
2681124
1849081
30126397
7800800
4934219
8552872
7267169
5019643
9244113
364082
14231658
187109
1231981
5614371
10269605
12773196
19373302
2113897
4956009
933669
5186211
24567922
12433623
9586681
978583
23289911
13299311
6359627
10798245
10619314
11032771
788959
3406686
166103
1297259
5158248
2957793
24556260
16921619
1050853
