11184205
432147
5209782
4108173
5096022
1526958
8011083
2017514
1066136
6595662
23984137
1086198
31918026
5158248
8287626
17063728
6306287
6819581
21248336
15007934
2345819
1224520
7444559
13137703
20800814
5278029
6403734
18748972
25291478
682265
3725528
2409115
5788802
30126397
4870
230664
11032771
26550998
15009022
1297259
699947
17096179
19445196
20536307
1253945
1629094
16580461
12755379
5508778
18508527
584551
20600557
4937227
3632514
18251086
1316130
9323605
29007944
2255489
11262967
4118878
6298719
13817793
7522645
2365855
8476190
1516282
4931742
5689866
4578235
7539032
20283683
10952367
1044425
7441242
6264304
6434672
3632577
2676053
291795
2162047
25197810
1404540
23289911
13984324
10953971
3940847
3252876
6560946
15342593
16931878
15202173
674930
1799052
25115631
728775
3969431
6486855
32632952
14934182
27911567
3662317
490678
911501
16510370
3789255
3021403
3333887
568965
737318
6540717
7556709
599212
31543052
13392739
696141
5668488
8082452
921345
2324520
30785064
27235100
17760525
1924484
9837200
4459793
9244113
23047687
8626502
24807152
6044223
3574098
4675048
3852469
2162199
1725609
5058678
12776169
12165960
465642
1471350
3848697
1128323
3084279
2872387
16800598
3600569
12598181
11265403
3068227
1529604
24074836
11361840
1561086
585086
2181177
29389484
777165
5605265
23657988
18632830
4681681
965919
9446521
14781443
21941403
8372278
23513148
22884259
3613792
31565819
24157528
1178552
29931215
556342
5848817
13748588
25399714
3736699
30090391
20644894
5438097
6943027
3951859
4839720
10290155
2441998
8524343
1273141
24849313
22739924
14995541
9411301
1005079
7189580
5931991
26656742
704723
5949331
9579274
7402885
2976373
8534474
19373302
319325
17093303
9233716
414196
4266556
17484203
9367809
6038830
2137943
6903619
868762
271874
28122124
15084851
26798140
6333422
2257592
22740345
15795537
13480477
24556260
30491690
7619635
739707
2911754
10798245
3679359
3207058
32765935
11458555
4132344
8614690
6183995
13761181
22780339
21924122
16983410
8955636
25986201
1723429
11319918
8518737
10269605
350807
9619211
9406115
3880646
2727449
4663936
8817199
1389062
1823364
23985990
8057863
2336733
28208460
8010919
1776373
3376072
17256
161230
6820862
1574712
5247266
14017392
864281
1063096
23120889
8719602
9520933
1737855
6306046
7454453
33073862
12810177
10401946
853080
7683959
3649108
9637960
16095398
14556108
707930
1020746
12433623
11588041
2008348
950487
4872915
19579844
5429118
8925130
26231406
1262163
1231981
11426523
22143485
4421940
8845975
13486754
13932081
25296032
29693054
27746324
526538
1629501
5718831
8122992
2039940
7661354
12728106
9174419
3734078
624363
11261933
14665767
7420748
32942002
350673
25253261
1230761
187109
2411556
12006278
88293
7868099
6232330
25291746
1013175
3105469
696094
3705404
25332195
3080988
25160757
2910620
1808158
8731500
2905895
11520722
5019643
27833706
3333479
25115589
1205991
2063909
12086282
26905551
1828686
5826900
626133
2330252
327880
2162077
884153
1545525
11136193
3137118
606005
5860111
7674970
1298267
1822626
16154829
1553342
2450021
14743854
858382
15032270
7124101
10370223
29692289
24570084
11312246
492026
5745770
524210
3261430
332134
412879
11893655
12362603
21752927
30503422
8146488
10091118
14322368
726651
2446713
23954574
657977
20950698
2975403
2165518
14094617
8523872
15035332
1856518
9980076
794688
22755481
6070528
32335805
80903
12444838
4196587
2516046
27323046
9985092
742581
4458727
10686855
22138397
6165332
5831501
10070358
1717682
8008748
308934
3797460
16045167
5710265
7520581
542987
7783545
70315
1030414
8890606
90698
5967255
2405174
7256000
9775924
8530286
29069491
868867
3876236
113159
28261613
11262746
4542338
9679949
1978622
317856
5675801
1629103
2585360
3101067
346303
2930946
1916650
9042866
1150696
10935465
1415103
462624
884488
3641275
12302675
707057
4994104
3155173
2311980
6382986
8523644
679967
2351271
11827142
2756344
8622066
1128955
4337837
21623179
1369938
3215913
10267985
17571581
2176310
2891097
13258445
11381468
22226454
23670291
16035235
6443033
21641647
11265448
15305444
3571322
383988
8545609
10992819
1780545
2196989
11508307
19566494
5627455
5291209
6809322
9475878
7343735
2308152
11917095
1577684
23944336
2217692
2356117
7183
1639868
6004443
1530634
10486714
16704095
1724357
3013781
1731768
3406686
44459
12177585
2323062
1163502
10455204
7012062
1847160
4311285
26160648
2614824
1849081
1226954
30001401
9316719
11701295
24567922
564109
6048021
2842909
3956913
29084932
25291976
522320
4266787
23909154
9517867
27757909
7706522
14498389
3448620
2624860
11050578
1496880
29279914
10204891
5972727
18887394
2048467
5580848
663197
656591
1354824
5917141
9625830
208546
2344165
25550070
21501511
4960895
1174743
2323146
13493946
4077986
163032
181998
4985592
28054377
26280898
4824127
7607153
911328
2553788
25693758
10753967
4567880
9249109
27981607
12476274
14681478
11322151
1739184
11447600
695929
4218119
32472668
7229230
1348391
1768172
9198187
177745
2500536
980504
15976019
3723757
9041254
7479926
26452320
6390804
59216
6726595
4518139
55608
4095905
383864
22161381
4557921
3320766
1197883
6164037
11062654
9555764
3040579
14941060
16578927
6598931
22847738
3584712
544737
982316
17224059
29524619
4288572
2175472
8686878
1392271
5690144
6769459
30196823
5753557
964826
3738029
27197944
17389705
1214949
12773196
9569976
21107384
7783782
24051800
19030803
4912478
1712338
9097368
1675666
2428007
7613189
26592733
1742002
8321699
1354864
12771491
5172647
15726039
8550746
5795795
23091477
27312625
3421947
9123541
17373320
17042232
657419
8444617
5100412
1097324
9293433
3909285
4598391
17999331
23809152
5578481
619437
16921619
85226
5454835
15825869
11644475
1497242
13925725
1296564
559311
2717651
14673336
3946524
1277712
4169564
39096
10680207
5168368
590444
9340938
4969
4956009
17030311
7800800
5174827
22188615
2351494
9761814
24554263
32694789
22630631
9799657
28788274
766070
31129868
22622058
2702913
1495782
5527283
22156642
14893424
14894580
14892405
7075893
1434516
11738403
965956
176998
842172
186782
21627207
2009490
326309
16092337
2143346
556374
6300146
467400
4016644
838629
261405
205966
23938142
23055777
22340290
4714602
10599878
6828043
7783859
9412910
5224269
3065743
15796054
1462780
2249180
9555891
8063235
5835446
22784429
10426158
9064996
2612871
3723961
8146815
18834635
8830123
5655689
16800234
1511492
1577977
7032745
1231171
15490582
9924575
6921908
175020
5331089
10201780
20606072
1037496
4058869
11339077
166103
3151587
7609130
2643864
3312997
173519
506300
31838568
54174
14015689
21980031
7389768
14276640
26396653
632193
3190849
