7389768
23670291
24807152
21924122
1163502
10680207
19030803
17109838
10426158
737318
2717651
2079741
10666300
7420748
17224059
8234036
1685347
777165
1545525
31565819
6048045
3986671
15305444
4682260
17042232
24552381
27757909
485032
761271
295976
4459793
8730060
663197
520931
2614824
472434
10409964
3404736
2175472
922528
12720331
4578235
11866609
12784203
3160609
20904907
9411301
1296564
5668488
864281
4960895
6477600
7679201
32632952
3723757
5186211
18577674
1496880
1907410
6964185
13218927
20096417
5718831
7783545
26452320
556342
5171866
230664
32106240
9672652
3956949
10992819
7560836
25256348
17555173
1097324
9980076
10653164
20283683
8045497
4633119
8678757
7851027
4714602
18834635
3662317
3312997
12433623
5753557
3816770
5606675
467401
15832855
24020269
27367479
14461072
44459
19445196
696094
8073560
751037
2905895
193611
2324520
39096
1146795
9198187
155723
7706522
1878026
5657113
20600557
506300
8817199
6390804
11361063
22755481
21627207
3251253
11578634
2441998
2009490
2881557
4406895
1924484
18508527
6079325
8890606
6595662
2621008
477971
1511492
12728106
1859900
556374
6443033
30491690
23080864
620815
6921181
12243752
4422489
3397068
23047687
8466585
16704095
459575
3035877
4872915
5605265
13628277
7479926
3201361
15115887
6277011
5168368
5815788
560759
2079516
4266787
326309
17963332
544737
2415142
18887394
25127440
9249109
14145911
5689866
12149699
559311
5901689
15007934
6312473
3571322
3876236
657254
4399857
4648938
1533492
20950698
29692289
10172021
17991468
1689420
7409363
21641647
183504
8775715
2891097
5224269
3848697
27911567
1147893
208546
10070358
9097368
8000764
23938142
17032054
2930946
25234724
4288572
19383634
1685029
606005
225543
6298719
2975403
3084279
9316719
16269530
2344165
14760381
1008352
11338194
9220955
20800814
3136933
30001401
3723961
5687659
25306729
13932081
3496479
26779046
1497242
2910620
7061296
3155173
217761
3631803
6486855
1817766
1404540
6005569
2162199
5553197
25135277
12088183
8462506
14498389
1725609
6306046
3333887
13591082
221478
1737855
1808158
3320766
1672154
12176241
2545589
6828043
24021616
1270341
5745770
27312625
8614690
499380
10091118
9759329
7402885
3065743
1556256
1078147
6070528
8063235
23984137
7783782
8458599
1402785
10833240
11544863
492026
1712338
29279914
6819581
11361840
17063728
1212502
9974776
8626502
4663936
11447600
6726595
29215867
10798245
1297259
9462272
9042866
16983410
8228861
14125837
21963617
15516230
2702913
32694789
13493946
11738403
2196702
12095993
3651670
18251086
20764253
1553427
18535074
16733911
10486714
512006
8955636
9135927
2147091
17742854
5494190
2600885
10414038
1921482
3645445
9074945
13480477
7783859
20448166
5514506
935066
8956703
10332471
261405
11588041
177745
2247305
3789255
2553788
3013781
24157528
12771491
526538
8827606
27746324
7346672
5860111
22167996
8414079
10231358
26550998
9775924
12894271
2308152
542987
14474969
4035887
14429067
22267023
11032771
6819986
8622066
4934219
3470483
11458555
667049
1713033
10401946
11395010
7609130
4018785
217201
19579844
21038010
203321
9192793
14124002
921345
7694319
684769
6306287
3101067
5247266
25693758
16288115
794688
100394
17431497
3956913
5781124
4077986
90698
585086
13207887
1560333
8474614
5595625
911501
21978635
3068227
32599356
10918765
423381
10935465
22622058
10370190
319325
6921908
88293
978583
3476963
657977
8578789
3611154
7772286
7158247
25160757
275498
927192
1228500
30190953
2585360
15960326
2542957
3252876
2920440
2499693
1740913
27197944
8518737
13817793
568965
1063096
12948738
4994104
5508778
23091477
350807
27323046
16677690
7753472
432147
1253459
8082452
2976373
3694547
346303
11050578
5058678
2365855
10599878
11184273
176998
2410224
8312950
1270302
3645160
1578500
7522645
12818150
11414681
22739924
14818683
59216
18442882
33182585
462624
2084445
11154726
85226
10619314
293359
14904555
2217692
17848718
163032
1231171
23122782
600390
32434834
20196324
15691211
26300893
11107593
11893655
22630631
728775
3736699
15084851
30184711
11381468
14233351
6750254
5209782
12476274
32335805
5816377
9412910
21862225
2911754
699947
24438129
8925130
6403734
8523644
492462
911328
9408572
2351306
20812028
31543052
9340938
10370223
23055777
8530286
12177585
7441242
9637960
7189580
13509488
11184205
858382
22937987
7173620
11196004
24074836
657419
8719602
21752927
656591
4058869
8731500
12283480
1723429
10204891
467400
26386365
14124565
31581692
488957
2123473
1023797
7466904
7016697
28261613
868762
12259031
2161984
1013175
22725273
3139649
30126397
6402264
32535545
4076380
1457870
20807089
29641258
3385425
21980031
22634986
24874660
4095905
1434516
10609034
31129868
1066136
2602132
8545609
5278029
3448620
31918026
8845975
6809322
5375027
3041717
740639
916301
25295293
7674970
9555764
5839997
8830123
5304994
8393028
24190589
6038830
32472668
26905551
19817651
2624860
1025220
13498620
1115791
971563
4218119
308934
9762191
5690144
2344136
5454835
2097788
6731174
11506553
9985092
6073727
