2311980
7556709
3013781
22847738
7601173
3648904
657977
1799053
2075721
18834635
1712338
25986201
8057863
14198899
15796054
3333887
7402885
5760050
3611154
10653164
3613792
4096014
4118878
12121028
193611
15084851
921345
2162047
1675666
9619211
11426523
9625830
524997
147368
556588
3040579
8523872
2308054
11893655
2717651
8146815
8809551
14936904
5527283
5544947
4266556
1297259
526538
6398138
2621008
13748588
3600569
1253989
6044223
4931742
317856
10686855
30001401
16800234
39096
10070358
27197944
3065743
5158248
6434672
12433623
3632577
2076664
9198187
25296032
1670446
2323146
14892405
19579844
7560836
29215867
5949331
199714
26300893
1270341
8132266
9340938
2123473
788959
11256000
10680207
11508307
2245304
5917141
742581
4422489
3496479
24438129
5710265
842172
1561086
2383637
72336
5689866
29007944
