5953432
23606538
684769
6310071
24024541
4638254
1050853
26396653
2161984
25291478
9761814
59216
4399857
12789670
5429118
385324
12121028
13392739
17571581
3789255
2441998
25160757
19566494
9725034
15305444
13486754
21623179
24981428
2658487
9010646
6598931
84934
5753557
1685347
777165
11917095
2627146
1392271
1128323
11193589
9249109
1198142
11319918
1273141
20463747
6277011
15115887
25276608
1242576
1545525
10890702
1823364
25550070
4035887
868867
1731768
7674034
30090391
8004518
2351494
14627649
54174
2411556
221478
10950549
1610383
1574712
100394
6920823
12177454
423381
2409115
16063834
10935465
4135503
3040579
213100
1497242
7527025
2197666
24545799
32535545
8045497
2601762
8063235
6731174
4870
2308152
23453444
6644623
14781443
293359
3470483
7267169
6819581
11193695
9594362
3662317
20813515
26231406
10992819
20606072
1231171
9930882
2076664
3723961
2344136
25296032
933669
10619314
3631803
7466904
15482022
28208460
30184711
2727449
26452320
4681681
853080
12433623
7753472
9174419
17109838
2137943
9383558
19537063
1561086
3084279
5107473
6809322
6306046
2075721
3648904
2056377
32765935
1748624
5605265
952109
11361063
1107510
9593488
15832855
30785064
1202691
3021403
13817793
2842909
1808158
590444
3333479
7613189
8809551
8731500
33073862
1496880
8678757
488957
18203271
965956
2048467
6113975
12727755
11426284
13137703
24028687
12948738
2145238
950487
14911963
524997
462384
7016697
1380095
13480477
8474614
9837200
21641647
1369938
3065743
1097324
927192
17484203
11544863
11449152
15960326
32335805
8552872
2079741
1270341
1526160
1629094
24157528
5856751
1516282
1978622
4598391
16288115
1672154
3648917
11458555
9985092
5188640
1263142
11050578
19445196
3385425
575559
8393028
17224059
14150378
22143485
5815788
1344993
23809152
10918765
7560836
788959
25127440
2356117
9738093
5158248
964826
674930
9192793
8626502
7679201
7609130
3160609
53327
14665767
3406686
17042232
332134
9352463
18577674
5578481
1462780
1270302
1577977
1197883
5171866
225561
4193358
619437
160760
9850531
26728197
24570084
22138397
19383634
24190589
205966
12095993
18887394
8945570
14322368
16704095
17093303
3673883
2175472
20029960
23080864
1020746
1740913
490678
1373104
17063728
4239468
1577684
918090
5977010
33070174
17373320
181998
1466722
11331244
6775103
8317661
23055777
12810177
6312473
7402885
10798245
7124101
165527
8057863
724936
1214949
17970650
11338194
560759
1847160
15202173
27323046
8476190
3736699
834964
499380
27178999
5657381
32704903
704723
8534474
22908195
70315
24011970
10952367
6229684
8010919
10409964
30168946
55608
7300193
7256000
9123541
1457870
14556108
23513148
7674970
6726595
5454835
5439745
1008352
632193
1742002
2446713
26779046
9074945
23985990
5019643
28788274
3946420
2345819
3486346
9569976
559311
31838568
3207058
186782
2911232
3041225
32472668
1886758
7420748
21655861
9412910
5350984
19373302
11738403
16677690
3421947
740639
10201780
29524619
3105469
5781124
6921181
8925130
1296564
923680
6595662
217201
25477972
5473350
7868099
17032054
17991468
3649108
12599649
4458727
63390
965919
17510555
1799052
626133
1739184
3705404
364082
14681478
24554263
22937987
2247305
161230
29389484
695929
21862225
7783782
93785
10267985
11882012
1141049
2351271
1230761
2428007
3940847
1822626
1947088
440818
17964818
6232330
15342593
17848718
2156897
15007934
23984137
8278314
432147
10426158
1163502
2113897
12894271
2545589
21752927
11395010
606005
383864
696141
199832
31581692
10204891
8730060
1878026
2910620
199714
7686164
10686855
761271
2079516
9878826
6183995
414196
9411301
3262070
5952750
196933
13282904
4824127
4633119
21501511
1226823
173519
5508778
9406115
26133334
27197944
3151587
1066136
2614824
17378235
1345431
16890876
1253945
12444838
12149699
23122782
8980506
13058608
8416992
13591082
9407639
9244113
3193135
657587
1174743
14904555
3036018
21107384
1025220
739707
23579240
13509488
13258445
16154829
15691211
2323062
383988
9579274
11193825
2621008
16269530
155723
2577779
1553342
9517867
26798140
10425773
3496479
9924575
32704622
23091477
763996
4095905
32942002
23657988
1195949
11756180
2628130
20950698
5698001
27081427
2039940
978583
23909154
25291746
30153135
524210
2351306
9979482
21195263
2585360
80903
3951859
6359154
2500536
2599451
9462272
6694967
9555764
20999991
22225765
522320
261405
13984324
1725609
14231658
2280541
1063096
350673
1415103
1502866
3251253
8121206
838629
29692289
16480
2176310
2702913
8379386
4872915
12476274
5186211
467400
520931
5655689
21465621
20536307
667049
3848697
5224269
158109
5675801
8220213
980504
14760381
44459
1689420
14894580
5058678
22560745
14498389
23954574
317856
6382986
3632577
8089219
24943252
9471397
25296371
12302675
14276640
5972727
559443
7337511
3222391
6048045
4985592
663197
657419
1505675
9942362
25693758
7656956
11496394
10683948
3129593
8523644
6443033
3404736
1228500
19030803
7706522
7783545
8428805
921384
1178552
27981607
8462506
9980076
5931991
9642087
193611
4530088
3797460
22884259
691099
1561269
15796054
15035332
2084445
7447706
2936206
14507327
9198187
11612739
26656742
25291976
751037
6390804
11154726
585086
742581
5595625
7189580
7619635
7339445
12746454
1501206
7032745
11644475
32599356
6231526
970903
15490582
4663936
2762255
3350193
5949331
28664426
707057
11877536
14908846
1262163
20807089
9129652
12315593
10332471
12259031
9586681
1713527
5096022
5247266
3613792
4018785
6264304
31045289
14673336
465642
11262967
2128030
6828043
679967
22226454
147368
271874
7441242
4546076
11508307
27746324
8524343
22144117
20788824
1512307
10231358
3645160
16035235
7784072
2097788
1298267
16931878
10006501
1277712
691114
472434
5627455
8444617
982316
3080988
884488
24074836
17742854
5438097
5839997
30001401
9775924
1629501
8845975
308934
3230519
1265591
12784203
