21924122
32335805
2008348
17760525
12176241
21038010
3406686
11338194
606005
6828043
20788824
11877536
8719602
19373302
2356883
6741146
24028687
25805990
1107510
2217692
12818150
8082452
487473
6456893
10992819
838629
3611154
24849313
1023797
8312950
14233351
2245304
8530286
13748588
27692201
2957793
3470483
3252876
16578927
3876236
230664
2717651
3574098
22560745
6443033
5753557
3648917
2499693
10370190
11222545
23909154
11193695
10950549
30126397
9123541
657419
22225765
6073727
14673336
4169564
7016697
8540421
2405174
12789670
1629501
6560946
18632830
7674970
17510555
25279742
24020269
6750254
3645160
14904555
9979482
571772
599212
30001401
88293
293359
11426523
12433623
26728197
24074836
2076664
26396653
1298267
6809322
6731174
15832855
27312625
4196587
9407639
5977010
2516046
3848697
8827606
3705404
16035235
202682
726230
8578789
7783782
5877866
10953971
32925275
1471350
14781443
6598931
9637960
11701295
9555764
17256
27755905
84934
2572671
9593488
12177454
10619314
2704571
9470836
20272453
12727755
2542957
14125837
16288115
8000764
27911567
1147893
2291828
23809152
1392337
3632577
7060755
10952367
696094
1086198
6306046
2056377
1629094
259159
4096014
5454835
21752927
22780339
6775103
11193825
13984324
17030311
965919
9878826
2323062
8523644
16480
17109838
4018785
4422489
6921181
2128030
22188615
20999991
5990384
18508527
5527283
901511
3068227
17555173
884488
20812028
8286385
25477972
383864
4058869
11395010
23492442
459575
20463747
490678
12444838
4095905
3648904
9406115
11133364
13655155
1030991
10622635
17032054
7389768
8146815
6004443
3129593
19383634
9837200
10264263
350807
5848817
12773196
20283683
1529604
30491690
24120063
7441242
11644475
1768172
8890606
8626502
5595625
858382
3476963
1639868
6660017
3433404
9586681
6028109
6726595
1128323
326309
21627207
4598391
1713033
15115887
14786181
1202691
3308699
9340938
14150378
8228861
1560333
5606675
11184205
3040579
18577674
15202173
22226454
27178999
884153
27323046
11107593
16733911
6231526
4994104
1672154
23670291
2386427
1355024
1823364
7282406
520931
6298719
2614824
25160757
10833240
13445174
5278029
3723961
2255489
9850531
2600885
24157528
1226823
24190589
10377489
5816377
14941060
7609130
6333422
13628277
10435909
31581692
29028401
9471397
24570084
383988
5675801
842172
724936
5831501
2197666
2308054
11032771
883948
1501206
2872387
10290155
8278314
1533492
4035887
1354824
30932224
11522165
10683948
9248358
5668488
23770867
25291478
33073862
13066040
5867316
5514506
17970650
15825869
20514807
4675048
13137703
21034268
1817766
2196702
15796054
3879604
22149662
14894580
23513148
1526160
217761
29389484
4266556
8476190
72336
1344900
17991468
2196989
2493277
5952750
1822626
1512307
6903619
6574180
1253989
5501965
14590835
2218071
3222391
6540717
1712338
32244161
6872533
2079741
3486346
12415238
225561
10231358
11062654
23047687
5690144
13925725
23453444
9619211
29007944
5048325
679967
2345819
24554263
20448166
2709932
12302675
15225203
4193358
6769459
9074945
5657381
7189580
21465621
13282904
5508778
11265448
6310071
15516230
8466585
22339811
22634986
656591
1415103
2365855
1457870
48071
25986201
21641647
31129868
9174419
7539032
13852779
9446521
5931991
16890876
6755699
3262070
22755481
14547663
7868099
2323146
9042866
3136933
11383185
6048021
8956703
10201780
6165332
23944336
24545799
16197448
12598181
368130
9443739
1163502
3421947
16095398
5158248
2910620
4239468
6819581
9775924
13207887
685908
1017034
5247266
29693054
4016644
3808624
4530088
24556260
13595277
24981428
7601173
2247305
9933694
8132266
1808158
9942362
952109
14908846
13493946
3350193
29069491
6300146
31918026
6264304
1511492
4132344
707057
11187506
9517139
10267985
9555891
2137943
12720331
4421940
11506553
7402885
10798245
29279914
346303
8234036
9642087
4459793
10409964
10269605
7656956
31027014
22740345
308934
1526958
173519
2936206
412879
218585
17963332
5048065
9233716
20764253
14936904
1776373
2145238
868762
2003787
17224059
3969431
10408143
32942002
4681681
524210
2161984
2545589
5304994
25115589
964826
8321699
11917095
9679949
1063096
3986671
17964818
3584712
4135503
9412910
1150696
12315593
8474614
5494190
1270341
682265
