12177964
31650115
12982283
22560865
21533476
28909816
19816159
23400563
15501452
13222576
3888788
28262522
915942
3540766
24690443
11954588
15896703
21771181
23759568
2572395
1655050
19272563
4842137
23999847
32240036
11169634
8522758
19874662
18516257
25578581
8571860
17358515
7175205
12920952
1891826
9557352
29529620
11587671
8631607
3075537
13683704
21539199
31448504
23094124
12018797
16868427
13753194
4544701
21426065
3353244
7743684
2126216
607710
3080714
13476935
16523110
17963506
25498946
29873651
23532848
19012492
30628416
30165006
12796860
18507284
3656052
31472216
23719556
2386644
6889825
29463531
22885027
4353211
7080347
30734728
909070
21722076
26912420
4715253
27074256
19541797
25904976
1337997
31842348
23069588
26552985
8695638
123635
4283009
2681394
417266
18523499
7188443
8232765
208243
16367655
39772
27175567
24158614
17535030
23640060
31510466
20397320
1026408
15849877
21945878
15122842
32722731
1457182
556767
13934280
32348100
6975196
365700
862652
2451703
6552572
31908455
21467505
21847434
11386855
28807116
4243103
7437783
18660007
32680885
7685028
12469580
847402
549239
27933725
15679430
32901698
487247
14063752
24223615
21584330
31425150
23837897
10314551
3475455
27707936
4430420
33287103
16623149
9750229
12035494
3004222
23159692
109065
27442108
6241173
168509
2975661
4566884
9544567
1332105
32194817
25680252
8320414
9903512
16865581
16894036
21133113
12443647
20429944
22361222
13176186
33729083
22219294
23293732
29095323
1106926
2463830
5614163
3957746
3747673
26456966
23161369
18801840
31620265
27504709
11059521
9445496
12697305
22614637
10410754
30358565
16633055
503956
2914446
16047206
748012
15942766
21705924
20392534
3360237
23690112
3256203
7778352
20929155
32460616
25141041
14734695
24831520
2887333
366331
27931753
25865559
10255748
9528184
9936515
13185980
28297874
3894949
10593202
13760680
18411392
18709401
25442855
9804340
6709143
24815887
18716379
2100425
15235613
6019425
1938033
10317093
27045513
20185435
7233957
27173657
19953118
7169362
30273051
17375288
25623094
24449987
4049203
3190391
13535473
29066674
10917147
31918395
26144341
20921769
10948574
4155943
25351840
9230298
22553247
21907376
19060409
28061396
33410001
2781184
32857578
26986265
6890493
893214
23940845
30900256
10373048
261185
123146
3200653
28764655
27064386
12908191
28581570
7451232
9924004
32481295
30389338
2279089
19399653
4194627
1327275
15828253
6565250
27712769
15309169
1822106
12665361
9540674
2394493
27194324
1790306
10470650
19991083
1994587
19959621
59908
23941901
13697142
460541
11186116
23795616
7401361
29824046
21337636
29279140
1882383
2550432
15455549
3492189
231267
18670557
32372194
32189235
12061299
18483123
23419141
19650595
10316037
2336527
4388066
7653513
17965012
13645858
24863913
31803486
6258881
19988398
11848007
14227281
1364520
4837020
17991125
31753082
4338948
1313981
2775132
19336148
21850890
6052027
13282357
10419169
32029367
19899015
27365276
27935718
21857888
7095417
24887925
4778063
25097482
23010704
691696
14750624
3755299
20899751
10476594
5513769
21809817
25045629
29520928
25694444
23526332
2109629
22647588
13779936
19959451
7946849
275023
12949701
22914258
7724880
32121754
24610958
13589499
28741208
2733529
17540051
18664543
17173399
2808528
1803744
3256571
10949393
23418903
20949721
2033894
32955725
1329399
16191901
7120185
1525058
25948781
3168
17815663
10491033
30001263
2160810
3197569
30982866
26515701
21451597
23931540
21383386
14884213
5167823
6057253
11729899
1382611
17928002
9205349
3118035
27690871
1289381
10209262
33109370
351889
33756143
11511257
9977757
8158150
24710887
3254221
5533319
7901332
6162516
24814060
12862081
15788076
11932441
32730796
927932
3776128
11712509
21507876
4693408
26480891
28086748
9596365
10785249
4652226
198865
15905002
128286
12633306
23806218
2704334
116740
1241048
31148761
6237128
33322868
354663
27136234
4285980
24722320
11590278
12611627
32695541
28644615
20013928
2272881
26555670
21432194
23824845
14053757
22599685
6904483
4175290
22465143
31541048
3285836
24538675
1061539
23388293
18186540
11760674
2462026
31567918
28439804
3959483
2080039
28381910
14163028
30479353
9129657
21210886
7937701
32741356
17692388
28704509
5714373
6440317
19084756
18525017
15892846
8122485
11929
7164784
4931326
33254999
4033708
334750
21881332
27772291
502042
10762594
25800893
3196071
565318
23444931
1493656
1897596
6007440
19162751
20391781
7649980
2184979
7400723
17348545
3482279
5358492
125005
25693635
25394939
25555308
2192133
4910430
4652135
9277772
7061859
19004834
24824590
14091160
19855289
5006962
15828207
170974
25231131
2311230
7897814
17626035
22180184
20305346
10388691
4936722
3178024
12428027
1228416
40961
2679511
1132967
23520022
5890316
5928937
7402653
29071315
11685459
11291648
8048664
4043140
5112334
3348277
3148917
509741
23387381
20242010
2865654
14649174
17380527
2931804
5632163
28858064
21708301
2542298
3284294
7802819
28046585
28408587
6151319
6077569
23657299
31336248
2111688
19054199
4382331
19917037
11001210
430390
17940570
11597977
3566320
13953421
23626889
5738747
2497889
10812229
927326
18924094
409394
9414775
24872861
234340
6127577
22668158
27169429
12785056
12144557
5421862
15900666
30665017
11500067
22858903
20717447
126011
26466364
2948459
5715298
23135438
12010915
14163610
32015735
3492659
27363110
17627290
2819889
32071439
28545246
1029559
30304542
4155095
19933354
22419262
32083478
24319171
3838427
12651314
9529570
14319067
5287787
9640340
682231
24826257
31436451
21970522
31208563
23948561
11605677
4832863
3642837
5369367
18526152
3625928
5506779
21605640
13473061
3948584
24330709
3004556
9365486
5766676
15915828
18839210
2333900
6859478
16443192
6155040
3821859
4620908
3300067
1000575
19855627
28279045
24396829
16334465
1032089
21071972
19386764
367554
13372488
32603695
1521292
4889109
2493448
6912655
29554195
19487200
130673
29402026
32439274
23648401
28778853
9796482
3954470
26032940
25145574
5952732
8908696
15681474
22345982
26336600
18713795
26470373
