22692010
3957827
2572395
1273334
123146
3998232
27074256
10689662
25693635
27983734
4599636
25842473
32029367
30900256
7400723
23010704
5766676
21467505
27090826
3492189
10385270
29554195
32071439
9750229
3148917
19959451
2887333
9804340
5923903
1313981
14163610
2095292
27296291
23941901
2493448
19955137
28644615
19012492
22219294
20538380
4477690
12458015
23233861
9414775
16886820
12796860
19991083
29873651
31472216
3075537
12173084
607710
32730796
168509
2914446
32439274
31844104
33109370
265021
27528650
22361222
22352470
12949701
29127804
33254999
13134928
1061539
23419141
32901698
734884
6233765
125005
23418903
8908696
32189235
7249453
15065652
24344088
16523110
1539597
19650595
29279140
25351840
1891826
21847434
8255282
3566320
30628416
12920952
17540051
170974
15309169
20242010
556767
33287103
27935718
30741181
30358565
1310752
3478981
4282769
4243103
417266
4778369
22345982
18670557
4155943
3152095
143500
4206553
9640340
7724880
20949721
30479353
927326
12144557
9712445
6625991
18523499
123635
6904483
13697142
11932441
4194627
1457182
27064386
25865559
23399800
2184979
31148761
130673
7169362
2775132
9247353
25904976
31510466
7897814
19837837
16367655
24610958
24690443
7554356
25045629
23931540
13449311
33426640
14091160
629030
9796482
32171405
21539199
847402
7480897
460541
9936515
21146123
24455540
20392534
7016724
1897596
23648401
28408587
20785693
208243
509741
3256571
9529570
3254221
27173657
33756143
5803386
18709401
3838427
27772291
30665017
26165296
9762619
24319171
31597374
10785249
4544701
12018797
24857947
6162516
1655050
11929
1469867
23378465
3190391
28807116
2550432
7401361
27175567
11760674
2497704
28439804
21970522
20371977
23400563
28046585
3080714
18716379
3333771
17348545
25442855
20921769
19084756
12611627
275023
26912420
4827876
19215412
448573
15682829
5715298
27363110
21432194
17380527
19060409
13683704
21881332
8320414
32083478
1803744
7451232
30996827
4566884
19855289
2462026
10410754
31491634
2865654
30273051
351889
3300067
18516257
13397634
8274118
27442108
240690
23520022
5632163
19901967
748012
17626035
7076421
9129657
10209262
19933354
25989809
18411392
2679511
22096984
27136234
25141041
2542298
23940845
17928002
31650115
2580698
23999847
503956
32695541
3776128
4175290
7325454
14320348
8122485
23432342
1032089
11954588
21210886
24710887
11712509
18483123
22734644
14063752
2497889
29760965
3168
7164784
23591451
27931753
26465463
19032851
4519183
23532848
11186116
17963506
11729899
18526152
5004019
17839587
16633055
21507876
3353244
25902240
12177964
12908191
2080039
