13185980
22614637
5287787
9445496
21432194
574519
18111056
15235613
3954470
25623094
2536043
5004019
11760674
19955137
7188443
19991083
8486344
19917037
4715253
4243103
27064386
31567918
974198
2808528
17348545
1106926
15122842
21071972
18516257
4048986
2497704
13666161
31491634
5513769
13953421
27363110
27772291
168509
13449311
18525017
22647588
23388293
12010915
25800893
24690443
23837897
19816159
26986265
29824046
16894036
6077569
16367655
29007734
10314551
25045629
25067044
9976121
3540766
30860385
21133113
32680885
28581570
29520928
9941950
12651314
24826257
23940845
31436451
2336527
3482279
7401361
24334226
15905002
28764655
7175205
24814060
4206553
5879778
1814464
21533476
1076662
840583
27296291
7400723
4842137
20299758
2100425
30665017
2865654
170974
15849877
22352470
27460255
32695541
25173400
9544567
1822106
12612048
19032851
39772
509741
7901332
3004222
3727757
6859478
27194324
33287103
261185
6019425
27935718
9977757
10476594
6162516
4368107
32846027
24330709
27641
6237128
3755299
21075611
2834385
30358565
11712509
1337997
19399653
31472216
32460616
17212138
1991835
14163610
29873651
9489542
24538675
20305346
12982283
20242010
1234326
10812229
13105438
14319067
17928002
21451597
30734728
2914446
26336600
5714373
21507876
18716379
23526332
444256
21584330
18985062
8232765
13372488
7480897
15586714
17250890
31321750
59908
8343288
27173441
24596441
25498946
8631607
1702787
682231
23387381
17965012
10949393
23409699
1539597
23931540
3004556
17692388
3642837
4868671
32194817
19004834
365700
2542298
11929
7451232
9616067
27712769
2580698
23689290
11954588
32722731
7653513
13473061
19953118
33109370
3196071
28644615
5632163
17375288
18592395
2781184
4155943
2311230
13760680
6658672
26470373
31425150
22914258
21222949
10419169
18813336
21539199
2572395
123635
3289793
26515701
4388066
23795616
7164784
17096129
26536242
8255282
12665361
2260807
21426065
31650115
31908455
14750624
1310752
1790306
28408587
7587746
7249453
823889
7325454
28697997
15688908
607710
19541797
25694444
24396829
1273334
12949701
28046585
19336148
17540051
2831877
2126216
31510466
6904483
1493656
18713795
367554
22096984
20429944
7148380
19054199
32121754
22345982
15179587
32861735
32901698
8320414
11605677
19933354
9762619
9414775
1994587
30779754
10209262
10373048
17358515
1897596
12611627
12920952
22734644
1525058
5614163
3959483
25222417
23444931
2463830
31524363
3075537
13466088
32372194
25097482
15828207
9205349
15455549
31899548
19874662
23293732
32240036
10316037
4310594
7743684
30779275
1061539
4522752
496384
12035494
9129657
735703
5112334
24455540
231267
23626889
130673
4827876
21809817
23161369
26456966
14227281
17173399
27735402
4084856
10184
11587671
21857888
3614884
2451703
9528184
19837837
32171405
3285836
21970522
3838427
5738747
1019111
32730796
31620265
21907376
33322868
17991125
33078017
8122485
6127577
7897814
487247
12633306
29402026
40961
24887925
14716473
18839210
9277772
4566884
3948584
31918395
9529170
29127804
24158614
3481110
2958358
24449987
4652226
20732045
4131651
13697142
27045513
23719556
15916463
2386644
30479353
23233861
10785249
16633985
13683704
31842348
1891826
27528650
26555670
25948781
21246864
3168
1327275
2033894
12929972
12018797
15828253
502042
29463531
125005
2819889
14299829
27707936
8908696
14091160
10491033
3197569
4382331
22619672
12469580
4620908
13779936
417266
6155040
24959377
15915828
6552572
4283009
21467505
17511951
2681394
10255748
16865581
1332105
5923903
12164986
14816579
31541048
6912655
11500067
7016724
22465143
123146
7061859
5506779
11386855
18801840
24332527
20397320
9544516
23418903
33254999
8917620
15405816
17839587
27657915
4931326
18949149
19162751
2279089
20929155
7946849
25865559
23135438
5766676
10986642
32723212
3152095
9640340
6440317
1457182
27365276
23806218
15031164
7437783
33756143
8274118
4778063
1132967
17211970
11597977
16191901
13397634
2462026
927932
7690037
24710887
11538925
13406818
25231131
30319215
20729764
1289381
1208894
33562710
12785056
25904976
32439274
8135988
3957746
19959621
30304542
10410754
25351840
9365486
20785693
22952080
22668158
9750229
24610958
29066674
2886525
2733529
25377250
430390
6233765
862652
15942766
21850890
31448504
7578257
27983734
13934280
2975661
25555308
128286
5421862
19386764
24872861
30996827
31033387
29554195
2394493
17535030
14272752
354663
20717447
26552985
24809383
21822066
23591451
5533319
23087322
4049203
26144341
19978327
15065652
14884213
21459560
4194627
31597374
15331867
2333900
16047206
28909816
24223615
20013928
27173657
7649980
17815663
23520022
7402653
24319171
15785480
1250183
4430420
22419262
6123075
30900256
31157251
556767
847402
3148917
130743
33426640
16334465
11511257
4519183
11729899
28086748
25921824
20538380
20371977
27506178
3894949
3190391
7937701
7554356
30741181
19012492
6007440
10385270
10689662
1313981
20949721
18523499
27504709
5715298
28778853
26912420
2931804
6241173
28812930
544485
32857578
1627650
21945878
29509345
23069588
460541
2192133
6889825
14163028
32071439
25994636
19959451
1692494
14734695
23400563
2272881
27931753
448573
3821859
116740
21722076
12144557
3080714
11059521
32481295
