8124620
28279045
31842348
1076662
13282357
23999847
1539597
32741356
5632163
33426640
234340
26559298
9544567
2542298
2462026
3152095
27090826
13280383
28086748
3540766
3776128
14750624
23941901
22553247
29066674
22668158
3614884
6118940
27169429
1994587
21210886
7076421
3178024
28807116
13476935
11186116
14884213
1313981
22352470
5358492
21708301
33254999
13406818
20785693
11712509
24809383
487247
20732045
20899751
6658672
1029559
23400563
1850930
509741
7937701
7175205
12035494
15331867
30389338
4778063
25842473
3998232
33329208
8917620
23087322
27935718
14320348
4910430
31753082
19978327
5006962
30734728
151105
23387381
15122842
4368107
27735402
18411392
15501452
31472216
3957827
18507284
22180184
3475455
23816116
1655050
938492
409394
19855627
574519
27657915
29071315
24344088
1702787
17096129
25989809
23010704
9804340
12181416
4283009
1228416
27712769
10314551
11954588
17540051
14649174
19933354
2819889
32171405
26470373
27363110
9414775
9529570
21822066
18716379
6258881
4282769
2497704
31436451
18526152
23837897
17358515
18985062
16682600
19953118
2260807
11848007
15065652
27641
14063752
893214
16633055
17212138
17173399
29520928
1061539
31541048
9976121
24158614
12428027
25904976
13934280
32029367
29008113
31510466
14227281
23378465
21722076
3838427
1250183
25173400
27690871
15455549
18681398
12949701
7653513
8255282
27173441
12010915
6709340
16868427
10470650
32723212
28858064
2679511
18483123
29034102
549239
7946849
7451232
9247353
24538675
5614163
30741181
30001263
25578581
11932441
7061859
30982866
32680885
1938033
7233957
15892846
32121754
32071439
21907376
8343288
9903512
13535473
3642837
6057253
12612048
11729899
6233765
27175567
16623149
9762619
18664543
5369367
4155943
21146123
12982283
23648401
27194324
5803386
4599636
25865559
20397320
32194817
19899015
927932
2497889
14163028
28909816
29509345
7016724
31918395
1019111
130743
18813336
20949721
13222576
7452123
29127804
4889109
19073250
12414587
6975196
7649980
32901698
9712445
32955725
20717447
19399653
21383386
5506779
22914258
4382331
16894036
351889
26165296
30721978
13372488
23159692
4566884
1289381
3478981
430390
28778853
19272563
2080039
21705924
13697142
10593202
123146
30479353
3148917
27506178
13589499
22614637
4243103
24332527
3285836
13105438
2775132
24814060
496384
24223615
4310594
365700
18111056
2095292
556767
30304542
17815663
2975661
21246864
17940570
33078017
9277772
9924004
24863913
23931540
29163135
8522758
6552572
28262522
59908
14091160
29554195
3821859
11973695
24610958
6890493
22619672
2704334
25351840
7802819
12443647
31208563
7437783
1337997
7897814
24824590
1273334
10317093
24449987
20013928
3954470
4043140
354663
1132967
25498876
3492189
25377250
28812930
28046585
30165006
5287787
2834385
19837837
7095417
8232765
2192133
3566320
21847434
24596441
1329399
3948584
21337636
2536043
17626035
2572395
10476594
20429944
23526332
33109370
23419141
30514264
128286
6019425
847402
3190391
7578257
12785056
1897596
26336600
8571860
17692388
11538925
31803486
18670557
4936722
4477690
23690112
6241173
23689290
2100425
4049203
24857947
40961
11001210
10419169
13117424
20491898
13666161
2886525
20538380
4206553
11587671
32049913
33562710
28137887
26515701
31425150
5890316
25145574
33410001
23388293
19816159
4832863
6007440
5952732
23573205
544485
30665017
23094124
26912420
15828253
21467505
31448504
367554
15235613
7724880
26552985
15679430
31620265
5112334
14734695
29007734
