22352470
30982866
18111056
21857888
27173441
3776128
17963506
14816579
3300067
7587746
14272752
17358515
10317093
2572395
29163135
24319171
23418903
2095292
20732045
26150719
974198
25498876
7686623
17211970
574519
27528650
1897596
31567918
2336527
24596441
15031164
19855627
3256571
7946849
556767
19959621
10689662
23948561
24824590
4282769
19899015
430390
5369367
6241173
4837020
29008113
23400563
32722731
22914258
1106926
367554
29824046
21539199
24863913
7849672
1337997
748012
502042
12144557
240690
509741
23526332
5715298
27452379
2272881
17940570
2258809
22465143
28909816
448573
1000575
23444931
3178024
18186540
607710
123146
3284294
19837837
5506779
2292807
21133113
17928002
23159692
5714373
1991835
28807116
20305346
21881332
19901967
18801840
25442855
14091160
128286
15828253
22560865
22668158
18507284
18526152
11760674
16334465
