5614163
1692494
21945878
15179587
2497704
4620908
496384
30304542
10316037
28704509
10388691
14649174
1655050
5714373
10812229
29873651
26466364
7401361
12796860
7587746
33287103
6151319
27452379
24158614
365700
22668158
31524363
19816159
7686623
23087322
840583
21533476
460541
2681394
17375288
32121754
17348545
25693635
23806218
31510466
22614637
21133113
15905002
23418903
13683704
18186540
234340
33426640
1803744
3004222
22599685
32730796
5506779
12665361
503956
1938033
9640340
11059521
5533319
7578257
28046585
2958358
18111056
14091160
3838427
27045513
3004556
32846027
19162751
16865581
3118035
10410754
25442855
6123075
2126216
7175205
17211970
9924004
12018797
3256571
7685028
20949721
7016724
4043140
25498876
24872861
12469580
1994587
3482279
1991835
11954588
17105127
10917147
4206553
22560865
125005
27064386
32723212
33729083
487247
3190391
25680252
18525017
20429944
11386855
30628416
30001263
2831877
27933725
12651314
27707936
11186116
8486344
20185435
28439804
19988398
1493656
9796482
20538380
3300067
21210886
367554
23690112
31321750
9529570
23626889
18839210
27931753
607710
4368107
6975196
1076662
24826257
261185
1000575
8533697
5928937
23419141
4243103
17626035
21383386
27363110
893214
9247353
7897814
3075537
1106926
19386764
6077569
32680885
30319215
18713795
16868427
8320414
21146123
130673
17250890
7451232
8917620
18526152
27735402
22885027
6565250
31157251
13280383
682231
31208563
30779275
4084856
23532848
24344088
17963506
10209262
21075611
8158150
29163135
19487200
1790306
10419169
3080714
2886525
126011
2463830
4283009
11538925
9489542
7164784
1702787
33410001
31650115
21222949
24334226
128286
8122485
8571860
16191901
25498946
18664543
23409699
13372488
