735703
6709143
1469867
18924094
19009053
14053757
10385270
23689290
9540674
12414587
4368107
4519183
24594482
13779936
16191901
1076662
9712445
22345982
30982866
21771181
30628416
1457182
682231
11932441
14272752
30389338
32372194
2580698
32741356
16047206
31650115
3555881
13406818
23759568
31803486
31425150
26536242
12920952
28046585
25394939
1228416
17815663
12908191
20392534
7554356
19837837
22952080
3478981
18813336
9977757
24887925
130743
11729899
7437783
16865581
25351840
2311230
4155943
17965012
15915828
15896703
7080347
2958358
31524363
27931753
32049913
20429944
27064386
460541
28381910
23640060
23635637
23657299
25989809
29520928
1132967
10491033
19399653
9365486
1019111
25145574
29554195
33078017
2279089
607710
4693408
10255748
8486344
6310227
26150719
10314551
32083478
18592395
1332105
4084856
8571860
18670557
2184979
19650595
6709340
10476594
16633985
2192133
5614163
3152095
28644615
5369367
23795616
29008113
19978327
1525058
5006962
1991835
1702787
6077569
2260807
32171405
27045513
32857578
927326
15915008
12611627
7649980
8522758
13934280
12144557
21071734
556767
487247
3256571
18526152
12181416
27935718
25921824
22180184
22914258
12061299
27772291
32955725
26032940
11973695
14734695
13760680
2258809
17105127
31753082
3197569
974198
31541048
23690112
32861735
19162751
30001263
2111688
27175567
2931804
2126216
1329399
24710887
31844104
18839210
23419141
170974
13753194
30779754
25173400
21467505
7690037
29509345
3492659
417266
21246864
17511951
20899751
19816159
19991083
27460255
25994636
20299758
2733529
9762619
1994587
7249453
31448504
11597977
8533697
39772
15679430
24857947
33171541
21210886
574519
1241048
24722320
13176186
1032089
351889
367554
2834385
5923903
25045629
365700
27690871
6241173
198865
23816116
3075537
13589499
7653513
927932
7724880
12458015
12018797
19855289
3348277
4566884
5112334
27173657
31033387
5632163
549239
544485
24863913
20921769
23591451
32240036
23135438
14091160
19955137
7778352
32460616
2386644
23837897
6123075
33287103
13476935
6057253
5421862
9903512
23824845
4033708
19959621
12785056
27983734
2536043
123635
3998232
20491898
126011
14227281
503956
1814464
31842348
17210924
15681474
1850930
21133113
19073250
3838427
15916463
32603695
4282769
3353244
27504709
15065652
17540051
12010915
6155040
33729083
2865654
27296291
11929
25578581
4310594
5890316
28439804
29163135
13282357
3300067
21809817
32348100
5358492
9596365
9941950
24334226
21850890
11186116
15235613
25693635
28061396
11500067
13535473
3285836
12697305
31567918
2033894
2095292
1539597
18713795
18525017
27641
22858903
24872861
27712769
9804340
26165296
31491634
21705924
30996827
17211970
33562710
11456793
16868427
15828207
29007734
19874662
28858064
9976121
10812229
32846027
30734728
28408587
11760674
8274118
366331
2775132
4243103
23400563
20391781
28778853
8232765
15828253
231267
25694444
9750229
11605677
23941901
13117424
23532848
27506178
29066674
23719556
17626035
23087322
11954588
2272881
5766676
23648401
28279045
23444931
27074256
32723212
15122842
6904483
2914446
21432194
9616067
10184
4283009
16894036
1061539
8631607
17358515
12982283
1273334
19012492
3566320
4868671
6233765
15179587
27933725
18523499
17375288
10373048
1521292
23409699
7452123
12633306
2679511
22219294
7148380
29127804
27173441
4778063
17928002
1219631
30900256
19855627
3642837
26144341
20397320
30665017
30358565
3333771
2394493
7400723
13185980
28741208
16886820
4285980
4837020
8695638
3196071
13166328
4043140
3118035
14649174
7175205
21459560
2463830
5928937
19054199
13697142
7401361
30741181
10369743
26466364
28807116
18949149
23161369
4522752
1364520
9230298
21383386
25842473
9640340
13222576
30775435
30721978
6019425
13645858
19933354
23806218
3776128
915942
4544701
10209262
168509
7686623
28697997
5533319
509741
9528184
26515701
4910430
27363110
1106926
1234326
444256
24538675
15682829
26559298
3475455
734884
7169362
1250183
27735402
23526332
10785249
23432342
840583
2080039
4842137
3959483
19084756
3948584
21451597
19004834
5506779
9529170
25097482
19272563
8255282
18985062
26481703
19487200
12929972
12665361
24824590
2451703
10762594
261185
3168
24815887
1627650
21907376
2572395
7897814
29873651
23573205
9557352
11712509
31908455
17173399
22619672
27452379
5513769
18483123
19386764
32071439
11059521
27707936
3004556
25222417
25555308
125005
23094124
21605640
31321750
3492189
1692494
12164986
2333900
7164784
15455549
22647588
11511257
27657915
4338948
20305346
18186540
16623149
4778369
130673
20729764
32695541
6258881
23233861
10470650
1000575
22465143
20185435
7849672
32194817
1289381
17380527
1882383
16463473
4155095
13449311
29071315
19336148
8343288
26552985
22096984
9529570
29034102
5879778
26336600
16367655
10869436
4715253
748012
10317093
24344088
10388642
12173084
2497704
18507284
3289793
29529620
240690
15031164
32730796
2681394
2819889
6658672
15942766
4382331
12796860
29279140
12862081
354663
8917620
4430420
275023
502042
31336248
11590278
14299829
6890493
19959451
2550432
9445496
8124620
334750
18716379
31899548
18111056
12190356
3656052
27528650
14163610
9936515
12949701
16633055
32439274
862652
21881332
2292807
7802819
4652135
25067044
20785693
24831520
7016724
14816579
5952732
28297874
10986642
893214
1327275
3465501
116740
20929155
1382611
4048986
17963506
3540766
20371977
26555670
23388293
11291648
14319067
109065
28764655
2704334
3727757
21708301
32029367
13105438
21945878
19899015
15892846
22885027
17212138
29824046
21847434
18664543
15849877
2975661
12177964
22599685
20538380
15905002
6975196
20732045
3178024
823889
22352470
11538925
32680885
17991125
565318
6889825
2887333
24330709
123146
8048664
19060409
4652226
21533476
2109629
8320414
23418903
9247353
19215412
22553247
17692388
22560865
31918395
24332527
4175290
20017704
4931326
40961
7480897
2160810
32481295
14063752
29095323
19901967
28581570
13397634
3256203
6118940
938492
31472216
22614637
3080714
12428027
25231131
2781184
33410001
19541797
4194627
11848007
30304542
5714373
33109370
17348545
4477690
6127577
31208563
10316037
31620265
7685028
15586714
21146123
4131651
28086748
7233957
9796482
9544567
27169429
9277772
28262522
11386855
7946849
23378465
21426065
6552572
5738747
22361222
24319171
23069588
15785480
11935197
25442855
29760965
21584330
7402653
3888788
30860385
32121754
23948561
27136234
20013928
59908
4827876
3360237
27442108
847402
27090826
208243
24396829
1493656
23931540
17096129
14320348
691696
4599636
25623094
6565250
3747673
4832863
12443647
26480891
6007440
25865559
9544516
18681398
28146956
30514264
1803744
15900666
26986265
26470373
2336527
13466088
33254999
11169634
24814060
12651314
18391147
25902240
7120185
31148761
15788076
20949721
7937701
22668158
10388691
19032851
4620908
22692010
24826257
14163028
16443192
1790306
24158614
14884213
11587671
15331867
9414775
1313981
4889109
13683704
24809383
12612048
