15788076
1208894
17212138
13697142
3168
21533476
17096129
28381910
1814464
7120185
11605677
25865559
29509345
32083478
29554195
20017704
1337997
6019425
24596441
26150719
14734695
7937701
9616067
6310227
26481703
275023
23591451
14163028
21246864
2831877
8522758
3821859
27173657
10986642
15892846
25948781
11059521
9540674
21809817
3614884
23837897
32015735
23293732
12862081
8124620
23069588
448573
28909816
1457182
32029367
10812229
23418903
10314551
19004834
3755299
5928937
4282769
25141041
5421862
3190391
33562710
16633985
17211970
23816116
4477690
31425150
5614163
26559298
29034102
1627650
27365276
3152095
1382611
23626889
29279140
9544516
25377250
23387381
31472216
496384
32194817
21222949
9903512
28297874
5738747
607710
10255748
6151319
22599685
19336148
2258809
9557352
31510466
5358492
23526332
10917147
22952080
7578257
21945878
7400723
29071315
5803386
32460616
9277772
691696
2681394
1790306
4837020
27712769
556767
7076421
22345982
25623094
27504709
143500
7169362
32189235
12908191
1332105
4827876
4043140
27735402
20949721
18664543
16191901
7437783
4889109
3148917
4049203
25842473
24344088
265021
9924004
32680885
3075537
9365486
16334465
1493656
14163610
13185980
909070
823889
20929155
25442855
2497704
28697997
30001263
19541797
8695638
28046585
13449311
31908455
33329208
30319215
927932
13134928
22361222
22885027
32955725
24223615
22647588
9804340
21426065
2886525
28545246
7946849
31436451
3888788
2493448
16443192
748012
9529170
3256571
2462026
2775132
5715298
2126216
3465501
20397320
261185
22352470
12785056
6258881
3360237
4544701
31541048
1310752
18709401
22914258
30779754
13372488
3118035
30514264
3300067
13535473
19959451
1469867
4936722
366331
16047206
32121754
1692494
123146
2109629
24824590
31148761
11932441
20429944
10369743
23806218
21337636
27772291
32861735
21075611
32695541
11386855
24330709
9529570
27641
4155943
17627290
7095417
123635
9640340
13176186
21970522
915942
24538675
5006962
32723212
27460255
7061859
26465463
19901967
2580698
24610958
3492659
7249453
6975196
3353244
20921769
4715253
430390
23795616
13105438
8908696
509741
19009053
23759568
4048986
231267
23573205
7743684
20899751
3004556
28408587
7080347
19978327
4155095
23520022
3566320
15455549
1032089
7901332
4430420
3959483
2095292
6565250
31753082
1029559
20392534
6241173
2542298
2463830
24814060
2386644
15179587
1991835
33322868
27528650
7164784
502042
3284294
13282357
13397634
14091160
18391147
2948459
1273334
13760680
1364520
21451597
6709340
30734728
19917037
15122842
32603695
31899548
17965012
29008113
4778063
3256203
31208563
5632163
7016724
974198
15900666
28807116
8486344
22692010
6127577
6904483
8158150
19054199
27136234
25231131
3838427
12035494
1850930
22619672
10317093
27169429
11291648
30389338
30479353
2100425
26032940
6155040
31336248
19073250
9762619
25555308
23690112
18523499
28741208
28061396
1026408
11935197
5004019
20299758
3285836
29463531
5879778
23532848
33171541
5890316
26480891
18592395
32348100
23941901
503956
109065
29873651
33287103
25067044
14272752
4868671
7175205
27296291
10491033
29824046
25498946
10373048
18287690
5923903
27506178
9750229
40961
13117424
8320414
4243103
27175567
24158614
27933725
32730796
24455540
3481110
22858903
29520928
25351840
351889
3625928
1327275
6889825
7451232
21850890
2975661
2808528
19215412
23657299
32901698
4285980
2865654
17105127
2160810
24831520
10419169
30900256
2111688
26144341
11954588
30165006
29402026
893214
23399800
7480897
33426640
4652135
21071972
1241048
32240036
2550432
1289381
2279089
12611627
30358565
4131651
365700
21133113
1882383
19487200
31620265
23999847
18985062
31157251
1329399
7802819
4353211
11186116
20785693
1938033
19855289
23444931
13406818
21857888
21146123
27707936
565318
29007734
29529620
23087322
26986265
3289793
25904976
8343288
32481295
10410754
18470506
27064386
19899015
21705924
20305346
32857578
21432194
31321750
27173441
25145574
22560865
240690
24863913
23948561
168509
21605640
6625991
28764655
28279045
23940845
39772
1234326
28644615
7325454
11929
21383386
26552985
21584330
6162516
4832863
28086748
33254999
24815887
927326
15681474
27931753
3747673
4910430
11685459
116740
3776128
24710887
28858064
7685028
23400563
32439274
130743
198865
19399653
2733529
14063752
11169634
17940570
